ID,target
0,68
1,33
2,30
3,51
4,71
5,7
6,15
7,7
8,71
9,0
10,76
11,75
12,81
13,69
14,40
15,43
16,92
17,97
18,70
19,53
20,70
21,49
22,75
23,68
24,21
25,16
26,39
27,8
28,16
29,35
30,20
31,22
32,41
33,73
34,56
35,30
36,58
37,35
38,25
39,37
40,63
41,72
42,49
43,30
44,56
45,22
46,41
47,58
48,64
49,76
50,4
51,6
52,9
53,57
54,64
55,32
56,71
57,52
58,42
59,69
60,77
61,27
62,31
63,38
64,83
65,98
66,43
67,82
68,63
69,92
70,66
71,89
72,76
73,91
74,76
75,32
76,82
77,10
78,77
79,61
80,71
81,78
82,54
83,6
84,29
85,89
86,78
87,42
88,2
89,73
90,22
91,18
92,27
93,21
94,13
95,21
96,67
97,7
98,37
99,98
100,26
101,53
102,47
103,86
104,43
105,69
106,76
107,17
108,57
109,59
110,25
111,20
112,27
113,0
114,9
115,71
116,48
117,43
118,57
119,56
120,85
121,78
122,19
123,92
124,33
125,20
126,21
127,64
128,70
129,11
130,46
131,16
132,1
133,74
134,56
135,91
136,60
137,35
138,52
139,23
140,4
141,35
142,52
143,89
144,24
145,95
146,58
147,39
148,51
149,58
150,58
151,77
152,17
153,60
154,45
155,66
156,58
157,5
158,24
159,74
160,36
161,8
162,87
163,10
164,35
165,59
166,54
167,99
168,51
169,83
170,9
171,45
172,4
173,83
174,95
175,83
176,18
177,95
178,18
179,40
180,39
181,66
182,22
183,80
184,10
185,28
186,11
187,95
188,98
189,83
190,12
191,24
192,83
193,13
194,94
195,24
196,58
197,63
198,7
199,87
200,6
201,78
202,68
203,60
204,6
205,23
206,20
207,31
208,80
209,93
210,30
211,11
212,49
213,33
214,97
215,33
216,2
217,95
218,16
219,81
220,94
221,33
222,71
223,77
224,12
225,30
226,0
227,76
228,79
229,71
230,89
231,57
232,59
233,24
234,65
235,10
236,32
237,36
238,82
239,31
240,23
241,24
242,34
243,3
244,11
245,53
246,80
247,27
248,4
249,39
250,91
251,16
252,64
253,68
254,50
255,38
256,58
257,15
258,6
259,42
260,65
261,76
262,89
263,55
264,19
265,91
266,62
267,1
268,18
269,62
270,99
271,51
272,96
273,0
274,42
275,18
276,67
277,21
278,40
279,62
280,78
281,84
282,28
283,89
284,30
285,66
286,6
287,74
288,42
289,92
290,27
291,21
292,86
293,27
294,96
295,12
296,16
297,67
298,43
299,48
300,33
301,41
302,40
303,7
304,73
305,38
306,76
307,31
308,59
309,28
310,97
311,18
312,41
313,51
314,80
315,15
316,93
317,15
318,61
319,8
320,17
321,89
322,32
323,67
324,12
325,2
326,19
327,91
328,94
329,56
330,71
331,36
332,61
333,62
334,5
335,60
336,45
337,91
338,34
339,73
340,9
341,1
342,68
343,62
344,99
345,66
346,21
347,24
348,10
349,25
350,68
351,38
352,81
353,58
354,48
355,40
356,63
357,14
358,35
359,11
360,64
361,39
362,60
363,94
364,63
365,10
366,88
367,54
368,90
369,27
370,90
371,33
372,28
373,29
374,94
375,86
376,7
377,0
378,94
379,11
380,26
381,6
382,41
383,50
384,69
385,44
386,29
387,67
388,85
389,65
390,40
391,57
392,39
393,30
394,42
395,27
396,4
397,60
398,47
399,30
400,40
401,93
402,34
403,71
404,6
405,57
406,72
407,16
408,98
409,14
410,40
411,47
412,71
413,3
414,32
415,66
416,65
417,8
418,53
419,88
420,80
421,19
422,88
423,96
424,68
425,42
426,77
427,10
428,27
429,46
430,55
431,98
432,69
433,51
434,11
435,19
436,15
437,67
438,36
439,10
440,16
441,5
442,81
443,85
444,19
445,85
446,65
447,22
448,55
449,13
450,22
451,22
452,10
453,18
454,35
455,9
456,56
457,27
458,7
459,25
460,58
461,87
462,76
463,11
464,54
465,55
466,96
467,17
468,6
469,0
470,79
471,97
472,79
473,14
474,67
475,79
476,27
477,42
478,72
479,25
480,37
481,75
482,74
483,41
484,0
485,67
486,79
487,87
488,73
489,80
490,97
491,25
492,49
493,98
494,74
495,69
496,36
497,80
498,89
499,71
500,3
501,50
502,90
503,35
504,35
505,41
506,4
507,58
508,47
509,93
510,68
511,11
512,2
513,95
514,54
515,53
516,73
517,36
518,83
519,54
520,64
521,11
522,45
523,81
524,62
525,46
526,95
527,42
528,85
529,51
530,83
531,63
532,8
533,23
534,35
535,18
536,76
537,19
538,99
539,53
540,15
541,54
542,2
543,27
544,73
545,93
546,81
547,54
548,71
549,79
550,25
551,11
552,30
553,55
554,8
555,42
556,62
557,56
558,55
559,47
560,27
561,43
562,20
563,53
564,4
565,49
566,10
567,26
568,45
569,3
570,36
571,68
572,1
573,2
574,26
575,9
576,50
577,38
578,58
579,96
580,38
581,87
582,82
583,22
584,0
585,41
586,54
587,33
588,10
589,98
590,27
591,90
592,91
593,56
594,9
595,24
596,6
597,30
598,1
599,39
600,35
601,30
602,83
603,33
604,43
605,84
606,66
607,4
608,64
609,77
610,98
611,82
612,81
613,20
614,0
615,48
616,11
617,33
618,22
619,58
620,49
621,39
622,76
623,0
624,17
625,64
626,48
627,1
628,93
629,82
630,75
631,96
632,97
633,3
634,62
635,60
636,61
637,32
638,26
639,78
640,29
641,12
642,85
643,76
644,8
645,62
646,55
647,94
648,74
649,22
650,15
651,66
652,89
653,97
654,19
655,0
656,19
657,5
658,56
659,36
660,45
661,1
662,94
663,98
664,87
665,82
666,17
667,64
668,99
669,34
670,30
671,73
672,83
673,79
674,1
675,28
676,77
677,91
678,4
679,68
680,14
681,14
682,1
683,92
684,97
685,45
686,14
687,21
688,37
689,32
690,30
691,88
692,86
693,62
694,14
695,16
696,74
697,25
698,93
699,78
700,77
701,42
702,55
703,10
704,65
705,26
706,31
707,85
708,78
709,52
710,32
711,81
712,97
713,1
714,82
715,57
716,3
717,31
718,56
719,57
720,64
721,76
722,60
723,87
724,11
725,1
726,61
727,75
728,62
729,21
730,61
731,78
732,90
733,68
734,94
735,88
736,95
737,3
738,83
739,65
740,73
741,77
742,38
743,63
744,61
745,41
746,88
747,83
748,35
749,82
750,50
751,15
752,48
753,70
754,63
755,71
756,8
757,98
758,32
759,24
760,85
761,25
762,33
763,60
764,55
765,80
766,13
767,90
768,54
769,15
770,76
771,39
772,95
773,24
774,7
775,64
776,70
777,88
778,81
779,0
780,12
781,64
782,31
783,79
784,86
785,60
786,22
787,78
788,82
789,14
790,48
791,33
792,55
793,53
794,9
795,1
796,13
797,94
798,92
799,29
800,39
801,23
802,11
803,58
804,99
805,78
806,61
807,53
808,81
809,97
810,36
811,15
812,77
813,52
814,63
815,32
816,6
817,36
818,89
819,7
820,36
821,4
822,13
823,22
824,71
825,54
826,83
827,22
828,57
829,25
830,11
831,62
832,3
833,19
834,26
835,76
836,96
837,71
838,76
839,39
840,20
841,47
842,35
843,19
844,52
845,66
846,32
847,39
848,53
849,21
850,98
851,6
852,88
853,71
854,80
855,46
856,55
857,40
858,24
859,93
860,44
861,96
862,16
863,56
864,9
865,71
866,46
867,68
868,24
869,47
870,20
871,47
872,43
873,53
874,10
875,78
876,41
877,77
878,54
879,94
880,20
881,29
882,76
883,51
884,54
885,26
886,23
887,2
888,96
889,69
890,36
891,18
892,90
893,66
894,47
895,37
896,99
897,65
898,12
899,39
900,15
901,85
902,15
903,40
904,96
905,99
906,80
907,28
908,99
909,51
910,72
911,39
912,8
913,56
914,52
915,64
916,98
917,77
918,45
919,3
920,29
921,90
922,37
923,48
924,52
925,56
926,65
927,52
928,14
929,52
930,2
931,60
932,9
933,68
934,22
935,23
936,50
937,43
938,54
939,97
940,71
941,54
942,92
943,56
944,23
945,42
946,81
947,66
948,87
949,47
950,96
951,1
952,42
953,51
954,61
955,2
956,71
957,13
958,30
959,34
960,74
961,47
962,59
963,51
964,82
965,72
966,76
967,52
968,53
969,34
970,60
971,63
972,28
973,24
974,36
975,69
976,82
977,90
978,70
979,13
980,77
981,43
982,43
983,99
984,81
985,80
986,66
987,98
988,84
989,21
990,49
991,33
992,15
993,37
994,35
995,48
996,36
997,9
998,53
999,91
1000,50
1001,23
1002,94
1003,40
1004,55
1005,90
1006,39
1007,18
1008,30
1009,92
1010,25
1011,90
1012,11
1013,29
1014,0
1015,9
1016,37
1017,1
1018,36
1019,90
1020,27
1021,52
1022,4
1023,48
1024,71
1025,12
1026,97
1027,0
1028,3
1029,41
1030,21
1031,16
1032,51
1033,66
1034,81
1035,65
1036,13
1037,30
1038,55
1039,30
1040,40
1041,10
1042,6
1043,8
1044,6
1045,9
1046,78
1047,11
1048,78
1049,78
1050,16
1051,17
1052,39
1053,67
1054,20
1055,3
1056,81
1057,26
1058,52
1059,45
1060,15
1061,3
1062,57
1063,60
1064,49
1065,36
1066,23
1067,42
1068,72
1069,19
1070,41
1071,55
1072,6
1073,84
1074,49
1075,28
1076,20
1077,33
1078,7
1079,45
1080,7
1081,89
1082,1
1083,90
1084,4
1085,80
1086,23
1087,93
1088,96
1089,52
1090,29
1091,29
1092,75
1093,93
1094,8
1095,70
1096,48
1097,82
1098,84
1099,90
1100,55
1101,38
1102,80
1103,63
1104,76
1105,97
1106,54
1107,60
1108,1
1109,49
1110,1
1111,92
1112,24
1113,69
1114,98
1115,62
1116,25
1117,26
1118,28
1119,25
1120,21
1121,25
1122,82
1123,75
1124,19
1125,93
1126,11
1127,61
1128,81
1129,69
1130,9
1131,91
1132,96
1133,34
1134,23
1135,9
1136,0
1137,16
1138,62
1139,26
1140,50
1141,23
1142,5
1143,13
1144,52
1145,13
1146,2
1147,32
1148,37
1149,63
1150,99
1151,19
1152,2
1153,49
1154,73
1155,58
1156,77
1157,62
1158,47
1159,53
1160,89
1161,96
1162,15
1163,60
1164,67
1165,42
1166,95
1167,24
1168,46
1169,98
1170,31
1171,83
1172,16
1173,2
1174,52
1175,51
1176,3
1177,69
1178,60
1179,88
1180,95
1181,89
1182,14
1183,63
1184,15
1185,49
1186,63
1187,85
1188,37
1189,38
1190,66
1191,99
1192,55
1193,53
1194,12
1195,93
1196,42
1197,21
1198,52
1199,21
1200,43
1201,77
1202,55
1203,2
1204,10
1205,76
1206,5
1207,29
1208,41
1209,14
1210,41
1211,77
1212,58
1213,60
1214,26
1215,88
1216,19
1217,19
1218,48
1219,5
1220,81
1221,69
1222,77
1223,60
1224,88
1225,92
1226,31
1227,34
1228,36
1229,30
1230,97
1231,82
1232,88
1233,7
1234,38
1235,57
1236,54
1237,23
1238,98
1239,41
1240,75
1241,90
1242,17
1243,28
1244,7
1245,6
1246,84
1247,76
1248,88
1249,28
1250,98
1251,96
1252,93
1253,46
1254,45
1255,54
1256,86
1257,44
1258,70
1259,46
1260,89
1261,89
1262,64
1263,42
1264,39
1265,53
1266,50
1267,50
1268,56
1269,84
1270,98
1271,13
1272,33
1273,51
1274,5
1275,56
1276,68
1277,62
1278,92
1279,93
1280,25
1281,33
1282,37
1283,50
1284,81
1285,67
1286,41
1287,11
1288,99
1289,41
1290,79
1291,90
1292,59
1293,59
1294,2
1295,16
1296,17
1297,64
1298,90
1299,96
1300,34
1301,88
1302,3
1303,45
1304,0
1305,68
1306,33
1307,49
1308,0
1309,6
1310,53
1311,76
1312,74
1313,74
1314,85
1315,11
1316,6
1317,6
1318,9
1319,69
1320,34
1321,48
1322,71
1323,37
1324,42
1325,45
1326,91
1327,58
1328,31
1329,37
1330,1
1331,5
1332,65
1333,5
1334,29
1335,47
1336,38
1337,63
1338,14
1339,28
1340,99
1341,20
1342,88
1343,50
1344,53
1345,15
1346,59
1347,78
1348,98
1349,44
1350,6
1351,98
1352,56
1353,77
1354,23
1355,68
1356,26
1357,52
1358,25
1359,65
1360,47
1361,12
1362,94
1363,81
1364,76
1365,91
1366,72
1367,2
1368,18
1369,96
1370,92
1371,46
1372,19
1373,0
1374,43
1375,50
1376,43
1377,27
1378,73
1379,4
1380,53
1381,60
1382,8
1383,5
1384,59
1385,29
1386,27
1387,33
1388,38
1389,5
1390,25
1391,41
1392,81
1393,23
1394,68
1395,52
1396,81
1397,43
1398,8
1399,46
1400,18
1401,92
1402,84
1403,34
1404,48
1405,80
1406,25
1407,15
1408,8
1409,88
1410,10
1411,50
1412,76
1413,64
1414,95
1415,94
1416,33
1417,52
1418,73
1419,16
1420,99
1421,68
1422,28
1423,31
1424,96
1425,34
1426,57
1427,13
1428,22
1429,10
1430,95
1431,50
1432,34
1433,42
1434,20
1435,87
1436,91
1437,23
1438,9
1439,23
1440,19
1441,57
1442,78
1443,73
1444,46
1445,13
1446,44
1447,24
1448,10
1449,25
1450,55
1451,56
1452,29
1453,15
1454,51
1455,78
1456,62
1457,53
1458,17
1459,28
1460,28
1461,11
1462,65
1463,48
1464,13
1465,71
1466,95
1467,66
1468,98
1469,8
1470,94
1471,25
1472,70
1473,54
1474,12
1475,86
1476,43
1477,76
1478,13
1479,11
1480,24
1481,91
1482,4
1483,45
1484,51
1485,53
1486,28
1487,9
1488,87
1489,58
1490,30
1491,58
1492,78
1493,3
1494,92
1495,39
1496,97
1497,47
1498,44
1499,26
1500,50
1501,59
1502,64
1503,37
1504,92
1505,14
1506,26
1507,12
1508,94
1509,43
1510,15
1511,84
1512,24
1513,32
1514,9
1515,43
1516,12
1517,27
1518,78
1519,69
1520,72
1521,46
1522,69
1523,75
1524,21
1525,20
1526,54
1527,97
1528,86
1529,84
1530,72
1531,21
1532,6
1533,6
1534,69
1535,47
1536,62
1537,57
1538,85
1539,73
1540,16
1541,2
1542,14
1543,38
1544,59
1545,90
1546,39
1547,79
1548,25
1549,78
1550,18
1551,49
1552,17
1553,49
1554,71
1555,74
1556,63
1557,28
1558,56
1559,43
1560,82
1561,11
1562,9
1563,17
1564,31
1565,52
1566,96
1567,36
1568,58
1569,79
1570,42
1571,78
1572,80
1573,15
1574,6
1575,56
1576,3
1577,30
1578,57
1579,5
1580,60
1581,84
1582,52
1583,79
1584,64
1585,42
1586,87
1587,84
1588,15
1589,83
1590,19
1591,64
1592,61
1593,33
1594,56
1595,76
1596,96
1597,87
1598,62
1599,39
1600,60
1601,95
1602,74
1603,34
1604,68
1605,18
1606,23
1607,42
1608,82
1609,11
1610,20
1611,80
1612,24
1613,17
1614,12
1615,55
1616,13
1617,17
1618,32
1619,21
1620,42
1621,21
1622,98
1623,79
1624,21
1625,61
1626,31
1627,41
1628,9
1629,40
1630,54
1631,54
1632,21
1633,30
1634,55
1635,37
1636,52
1637,92
1638,71
1639,17
1640,47
1641,94
1642,25
1643,93
1644,79
1645,34
1646,26
1647,33
1648,0
1649,13
1650,53
1651,80
1652,20
1653,47
1654,98
1655,95
1656,48
1657,25
1658,61
1659,56
1660,68
1661,27
1662,13
1663,92
1664,12
1665,46
1666,76
1667,67
1668,5
1669,2
1670,69
1671,48
1672,74
1673,35
1674,20
1675,8
1676,55
1677,83
1678,63
1679,83
1680,10
1681,52
1682,11
1683,52
1684,90
1685,69
1686,78
1687,72
1688,78
1689,87
1690,61
1691,5
1692,91
1693,86
1694,85
1695,33
1696,61
1697,44
1698,34
1699,24
1700,56
1701,61
1702,92
1703,38
1704,91
1705,44
1706,53
1707,7
1708,38
1709,17
1710,14
1711,74
1712,53
1713,82
1714,10
1715,21
1716,30
1717,64
1718,52
1719,57
1720,16
1721,81
1722,30
1723,72
1724,47
1725,33
1726,62
1727,72
1728,18
1729,61
1730,2
1731,50
1732,21
1733,87
1734,5
1735,99
1736,37
1737,59
1738,0
1739,78
1740,25
1741,85
1742,54
1743,83
1744,73
1745,69
1746,3
1747,98
1748,49
1749,33
1750,73
1751,99
1752,97
1753,48
1754,31
1755,54
1756,33
1757,98
1758,30
1759,1
1760,51
1761,28
1762,84
1763,52
1764,54
1765,0
1766,40
1767,14
1768,67
1769,93
1770,12
1771,42
1772,93
1773,29
1774,59
1775,8
1776,17
1777,56
1778,11
1779,80
1780,1
1781,82
1782,33
1783,1
1784,86
1785,52
1786,86
1787,93
1788,97
1789,20
1790,84
1791,57
1792,25
1793,91
1794,43
1795,65
1796,64
1797,90
1798,70
1799,34
1800,11
1801,50
1802,68
1803,59
1804,6
1805,79
1806,22
1807,9
1808,86
1809,10
1810,1
1811,75
1812,48
1813,5
1814,81
1815,73
1816,99
1817,15
1818,82
1819,76
1820,74
1821,54
1822,65
1823,77
1824,70
1825,12
1826,73
1827,53
1828,95
1829,48
1830,47
1831,95
1832,49
1833,11
1834,3
1835,17
1836,38
1837,94
1838,55
1839,87
1840,49
1841,93
1842,57
1843,34
1844,73
1845,28
1846,16
1847,75
1848,98
1849,31
1850,25
1851,2
1852,30
1853,21
1854,53
1855,59
1856,56
1857,28
1858,17
1859,53
1860,71
1861,7
1862,94
1863,53
1864,89
1865,77
1866,28
1867,7
1868,50
1869,79
1870,53
1871,87
1872,43
1873,17
1874,69
1875,22
1876,17
1877,6
1878,53
1879,68
1880,44
1881,89
1882,43
1883,80
1884,83
1885,95
1886,37
1887,80
1888,28
1889,71
1890,23
1891,52
1892,24
1893,21
1894,99
1895,99
1896,29
1897,21
1898,59
1899,7
1900,81
1901,88
1902,93
1903,61
1904,17
1905,44
1906,49
1907,81
1908,78
1909,94
1910,40
1911,60
1912,6
1913,58
1914,14
1915,88
1916,32
1917,7
1918,36
1919,26
1920,74
1921,88
1922,56
1923,65
1924,65
1925,0
1926,43
1927,87
1928,59
1929,95
1930,69
1931,69
1932,9
1933,78
1934,91
1935,69
1936,46
1937,97
1938,29
1939,39
1940,64
1941,98
1942,65
1943,36
1944,87
1945,84
1946,41
1947,20
1948,36
1949,63
1950,76
1951,18
1952,63
1953,6
1954,30
1955,99
1956,40
1957,21
1958,38
1959,83
1960,65
1961,31
1962,49
1963,39
1964,42
1965,66
1966,53
1967,54
1968,41
1969,36
1970,61
1971,88
1972,95
1973,19
1974,95
1975,41
1976,41
1977,93
1978,46
1979,44
1980,37
1981,31
1982,22
1983,2
1984,99
1985,58
1986,73
1987,51
1988,95
1989,2
1990,38
1991,98
1992,28
1993,45
1994,42
1995,7
1996,88
1997,10
1998,12
1999,8
2000,92
2001,41
2002,33
2003,75
2004,17
2005,51
2006,99
2007,11
2008,67
2009,6
2010,63
2011,9
2012,58
2013,96
2014,77
2015,1
2016,36
2017,53
2018,92
2019,13
2020,98
2021,21
2022,35
2023,39
2024,49
2025,81
2026,35
2027,3
2028,77
2029,89
2030,95
2031,85
2032,52
2033,48
2034,25
2035,80
2036,3
2037,39
2038,82
2039,43
2040,12
2041,21
2042,18
2043,53
2044,5
2045,25
2046,63
2047,78
2048,4
2049,40
2050,21
2051,43
2052,21
2053,49
2054,30
2055,39
2056,18
2057,16
2058,53
2059,72
2060,12
2061,57
2062,5
2063,17
2064,97
2065,37
2066,48
2067,79
2068,5
2069,0
2070,16
2071,89
2072,48
2073,54
2074,79
2075,67
2076,73
2077,0
2078,19
2079,14
2080,29
2081,20
2082,48
2083,36
2084,76
2085,95
2086,20
2087,59
2088,57
2089,51
2090,79
2091,71
2092,31
2093,7
2094,91
2095,92
2096,87
2097,91
2098,48
2099,86
2100,58
2101,89
2102,97
2103,83
2104,76
2105,85
2106,83
2107,3
2108,20
2109,61
2110,74
2111,49
2112,56
2113,91
2114,56
2115,92
2116,19
2117,97
2118,28
2119,3
2120,41
2121,81
2122,90
2123,89
2124,86
2125,22
2126,41
2127,65
2128,27
2129,87
2130,21
2131,66
2132,36
2133,90
2134,94
2135,71
2136,31
2137,62
2138,95
2139,68
2140,43
2141,95
2142,41
2143,24
2144,89
2145,15
2146,81
2147,48
2148,48
2149,30
2150,52
2151,79
2152,25
2153,68
2154,16
2155,78
2156,16
2157,15
2158,66
2159,52
2160,43
2161,20
2162,98
2163,24
2164,71
2165,49
2166,1
2167,84
2168,51
2169,44
2170,11
2171,89
2172,78
2173,27
2174,26
2175,53
2176,10
2177,41
2178,12
2179,2
2180,4
2181,39
2182,19
2183,56
2184,63
2185,56
2186,32
2187,46
2188,3
2189,22
2190,6
2191,59
2192,14
2193,87
2194,18
2195,87
2196,49
2197,91
2198,37
2199,53
2200,59
2201,7
2202,99
2203,58
2204,5
2205,66
2206,80
2207,39
2208,30
2209,62
2210,14
2211,42
2212,86
2213,10
2214,90
2215,26
2216,24
2217,84
2218,69
2219,97
2220,34
2221,4
2222,26
2223,22
2224,19
2225,67
2226,73
2227,41
2228,98
2229,6
2230,35
2231,29
2232,51
2233,59
2234,62
2235,60
2236,68
2237,44
2238,83
2239,57
2240,41
2241,90
2242,48
2243,82
2244,67
2245,10
2246,28
2247,71
2248,79
2249,43
2250,17
2251,5
2252,17
2253,7
2254,84
2255,57
2256,18
2257,57
2258,68
2259,26
2260,59
2261,4
2262,87
2263,99
2264,3
2265,66
2266,19
2267,15
2268,75
2269,20
2270,47
2271,0
2272,14
2273,12
2274,62
2275,95
2276,63
2277,69
2278,3
2279,70
2280,73
2281,38
2282,33
2283,47
2284,76
2285,37
2286,60
2287,21
2288,96
2289,68
2290,16
2291,19
2292,40
2293,62
2294,22
2295,10
2296,57
2297,81
2298,68
2299,68
2300,84
2301,97
2302,10
2303,47
2304,76
2305,11
2306,30
2307,23
2308,44
2309,3
2310,19
2311,73
2312,80
2313,54
2314,9
2315,15
2316,2
2317,26
2318,57
2319,46
2320,12
2321,58
2322,67
2323,76
2324,95
2325,67
2326,95
2327,45
2328,70
2329,47
2330,5
2331,29
2332,51
2333,44
2334,45
2335,60
2336,34
2337,97
2338,1
2339,93
2340,97
2341,34
2342,38
2343,92
2344,27
2345,80
2346,95
2347,44
2348,84
2349,34
2350,76
2351,73
2352,50
2353,30
2354,69
2355,59
2356,34
2357,51
2358,98
2359,66
2360,31
2361,73
2362,87
2363,90
2364,18
2365,97
2366,38
2367,81
2368,25
2369,90
2370,66
2371,78
2372,17
2373,76
2374,31
2375,0
2376,81
2377,1
2378,5
2379,37
2380,41
2381,80
2382,5
2383,52
2384,50
2385,25
2386,98
2387,61
2388,98
2389,20
2390,32
2391,35
2392,25
2393,55
2394,61
2395,43
2396,58
2397,36
2398,99
2399,60
2400,70
2401,38
2402,52
2403,26
2404,56
2405,8
2406,83
2407,23
2408,52
2409,32
2410,54
2411,33
2412,61
2413,49
2414,53
2415,15
2416,50
2417,3
2418,69
2419,86
2420,4
2421,58
2422,5
2423,30
2424,97
2425,92
2426,0
2427,2
2428,9
2429,33
2430,53
2431,82
2432,94
2433,46
2434,99
2435,34
2436,1
2437,76
2438,63
2439,71
2440,66
2441,37
2442,67
2443,40
2444,67
2445,24
2446,82
2447,23
2448,30
2449,66
2450,73
2451,11
2452,11
2453,94
2454,88
2455,76
2456,29
2457,98
2458,95
2459,54
2460,41
2461,6
2462,19
2463,22
2464,75
2465,91
2466,15
2467,53
2468,72
2469,33
2470,20
2471,63
2472,12
2473,64
2474,23
2475,22
2476,75
2477,8
2478,33
2479,66
2480,32
2481,72
2482,91
2483,84
2484,13
2485,96
2486,38
2487,22
2488,0
2489,41
2490,64
2491,23
2492,85
2493,68
2494,86
2495,37
2496,90
2497,35
2498,35
2499,8
2500,23
2501,76
2502,74
2503,89
2504,60
2505,69
2506,52
2507,32
2508,29
2509,65
2510,9
2511,16
2512,0
2513,80
2514,17
2515,54
2516,62
2517,82
2518,34
2519,64
2520,8
2521,46
2522,67
2523,53
2524,85
2525,78
2526,61
2527,26
2528,64
2529,25
2530,70
2531,96
2532,67
2533,22
2534,93
2535,65
2536,96
2537,79
2538,23
2539,76
2540,93
2541,39
2542,1
2543,64
2544,34
2545,82
2546,66
2547,83
2548,27
2549,71
2550,9
2551,60
2552,2
2553,43
2554,29
2555,80
2556,58
2557,28
2558,5
2559,83
2560,62
2561,26
2562,39
2563,86
2564,93
2565,16
2566,85
2567,44
2568,76
2569,85
2570,42
2571,18
2572,14
2573,4
2574,67
2575,71
2576,20
2577,20
2578,16
2579,51
2580,88
2581,25
2582,25
2583,25
2584,8
2585,77
2586,22
2587,50
2588,68
2589,28
2590,44
2591,13
2592,73
2593,35
2594,52
2595,27
2596,99
2597,56
2598,21
2599,50
2600,94
2601,44
2602,85
2603,58
2604,57
2605,45
2606,94
2607,25
2608,11
2609,81
2610,32
2611,73
2612,47
2613,69
2614,84
2615,72
2616,75
2617,31
2618,97
2619,74
2620,57
2621,71
2622,29
2623,64
2624,15
2625,75
2626,67
2627,39
2628,52
2629,59
2630,12
2631,96
2632,12
2633,36
2634,64
2635,21
2636,41
2637,37
2638,46
2639,85
2640,65
2641,54
2642,78
2643,54
2644,72
2645,70
2646,74
2647,42
2648,0
2649,41
2650,39
2651,87
2652,80
2653,44
2654,59
2655,95
2656,61
2657,21
2658,63
2659,55
2660,69
2661,20
2662,85
2663,82
2664,23
2665,13
2666,92
2667,11
2668,84
2669,75
2670,22
2671,4
2672,52
2673,55
2674,61
2675,89
2676,57
2677,50
2678,42
2679,45
2680,91
2681,42
2682,65
2683,49
2684,20
2685,11
2686,16
2687,26
2688,91
2689,88
2690,85
2691,28
2692,27
2693,83
2694,54
2695,25
2696,71
2697,18
2698,13
2699,56
2700,76
2701,37
2702,21
2703,75
2704,34
2705,32
2706,75
2707,81
2708,26
2709,60
2710,49
2711,50
2712,15
2713,11
2714,78
2715,94
2716,16
2717,25
2718,11
2719,81
2720,4
2721,57
2722,47
2723,44
2724,90
2725,95
2726,18
2727,7
2728,86
2729,39
2730,40
2731,69
2732,72
2733,65
2734,47
2735,68
2736,78
2737,36
2738,75
2739,36
2740,82
2741,88
2742,34
2743,36
2744,81
2745,55
2746,75
2747,2
2748,52
2749,68
2750,39
2751,62
2752,53
2753,56
2754,32
2755,46
2756,34
2757,39
2758,74
2759,29
2760,43
2761,55
2762,87
2763,26
2764,63
2765,25
2766,79
2767,89
2768,38
2769,55
2770,59
2771,5
2772,95
2773,32
2774,15
2775,24
2776,89
2777,2
2778,88
2779,49
2780,11
2781,38
2782,62
2783,7
2784,6
2785,61
2786,27
2787,5
2788,41
2789,94
2790,84
2791,43
2792,23
2793,21
2794,95
2795,68
2796,88
2797,0
2798,65
2799,4
2800,47
2801,59
2802,20
2803,26
2804,11
2805,88
2806,83
2807,72
2808,27
2809,64
2810,60
2811,82
2812,22
2813,68
2814,92
2815,22
2816,84
2817,87
2818,32
2819,91
2820,34
2821,36
2822,9
2823,63
2824,83
2825,74
2826,38
2827,42
2828,34
2829,69
2830,91
2831,82
2832,13
2833,65
2834,15
2835,72
2836,22
2837,23
2838,18
2839,79
2840,98
2841,74
2842,97
2843,58
2844,78
2845,39
2846,35
2847,78
2848,5
2849,4
2850,17
2851,60
2852,44
2853,27
2854,53
2855,37
2856,82
2857,44
2858,43
2859,24
2860,27
2861,6
2862,38
2863,46
2864,21
2865,0
2866,61
2867,84
2868,11
2869,87
2870,0
2871,89
2872,44
2873,31
2874,46
2875,68
2876,47
2877,96
2878,2
2879,95
2880,70
2881,23
2882,58
2883,50
2884,44
2885,8
2886,96
2887,27
2888,15
2889,68
2890,53
2891,32
2892,68
2893,96
2894,0
2895,19
2896,92
2897,21
2898,90
2899,11
2900,21
2901,74
2902,1
2903,53
2904,29
2905,93
2906,14
2907,91
2908,71
2909,88
2910,35
2911,89
2912,27
2913,60
2914,64
2915,94
2916,61
2917,5
2918,83
2919,21
2920,4
2921,99
2922,5
2923,11
2924,25
2925,14
2926,7
2927,67
2928,87
2929,31
2930,75
2931,47
2932,30
2933,97
2934,43
2935,11
2936,22
2937,51
2938,84
2939,18
2940,78
2941,56
2942,88
2943,24
2944,5
2945,22
2946,15
2947,67
2948,15
2949,35
2950,60
2951,41
2952,11
2953,92
2954,76
2955,13
2956,89
2957,40
2958,30
2959,50
2960,0
2961,75
2962,65
2963,9
2964,36
2965,20
2966,7
2967,74
2968,24
2969,73
2970,67
2971,35
2972,82
2973,87
2974,31
2975,14
2976,23
2977,59
2978,65
2979,77
2980,51
2981,61
2982,95
2983,11
2984,66
2985,29
2986,97
2987,16
2988,0
2989,82
2990,77
2991,23
2992,89
2993,9
2994,16
2995,68
2996,35
2997,71
2998,44
2999,23
3000,30
3001,56
3002,40
3003,98
3004,73
3005,0
3006,88
3007,23
3008,7
3009,88
3010,57
3011,78
3012,35
3013,33
3014,83
3015,16
3016,15
3017,90
3018,75
3019,27
3020,14
3021,71
3022,36
3023,42
3024,77
3025,21
3026,13
3027,8
3028,83
3029,55
3030,79
3031,72
3032,33
3033,21
3034,60
3035,8
3036,84
3037,54
3038,6
3039,33
3040,20
3041,27
3042,86
3043,44
3044,8
3045,21
3046,12
3047,44
3048,75
3049,51
3050,74
3051,80
3052,54
3053,94
3054,48
3055,41
3056,53
3057,14
3058,55
3059,0
3060,12
3061,7
3062,11
3063,95
3064,38
3065,73
3066,0
3067,95
3068,2
3069,27
3070,18
3071,30
3072,25
3073,47
3074,97
3075,75
3076,81
3077,69
3078,10
3079,7
3080,87
3081,35
3082,69
3083,39
3084,37
3085,84
3086,21
3087,22
3088,23
3089,82
3090,14
3091,7
3092,26
3093,62
3094,98
3095,61
3096,17
3097,76
3098,56
3099,4
3100,85
3101,99
3102,66
3103,7
3104,42
3105,24
3106,81
3107,6
3108,37
3109,16
3110,60
3111,48
3112,44
3113,67
3114,19
3115,82
3116,46
3117,33
3118,31
3119,86
3120,59
3121,3
3122,9
3123,57
3124,28
3125,43
3126,35
3127,93
3128,62
3129,88
3130,64
3131,78
3132,42
3133,36
3134,1
3135,43
3136,34
3137,71
3138,94
3139,39
3140,18
3141,57
3142,73
3143,4
3144,95
3145,41
3146,76
3147,72
3148,88
3149,94
3150,76
3151,44
3152,71
3153,15
3154,52
3155,38
3156,30
3157,64
3158,30
3159,23
3160,35
3161,74
3162,36
3163,76
3164,47
3165,17
3166,31
3167,76
3168,88
3169,21
3170,63
3171,35
3172,77
3173,49
3174,92
3175,17
3176,80
3177,89
3178,34
3179,88
3180,26
3181,41
3182,79
3183,32
3184,6
3185,55
3186,20
3187,98
3188,26
3189,17
3190,1
3191,74
3192,43
3193,85
3194,72
3195,52
3196,24
3197,13
3198,98
3199,18
3200,42
3201,41
3202,33
3203,20
3204,68
3205,23
3206,70
3207,24
3208,72
3209,45
3210,61
3211,70
3212,79
3213,30
3214,45
3215,5
3216,9
3217,54
3218,47
3219,97
3220,33
3221,73
3222,21
3223,81
3224,70
3225,57
3226,25
3227,54
3228,69
3229,98
3230,41
3231,55
3232,9
3233,29
3234,7
3235,53
3236,58
3237,90
3238,84
3239,69
3240,48
3241,50
3242,37
3243,49
3244,60
3245,36
3246,37
3247,39
3248,97
3249,91
3250,70
3251,90
3252,26
3253,61
3254,4
3255,72
3256,48
3257,36
3258,31
3259,66
3260,45
3261,92
3262,44
3263,40
3264,74
3265,32
3266,18
3267,49
3268,32
3269,79
3270,98
3271,86
3272,30
3273,64
3274,90
3275,78
3276,13
3277,99
3278,27
3279,40
3280,87
3281,6
3282,22
3283,36
3284,13
3285,71
3286,83
3287,91
3288,90
3289,71
3290,49
3291,42
3292,57
3293,20
3294,63
3295,67
3296,73
3297,91
3298,39
3299,20
3300,30
3301,52
3302,69
3303,56
3304,10
3305,26
3306,6
3307,92
3308,62
3309,43
3310,30
3311,6
3312,99
3313,35
3314,79
3315,98
3316,9
3317,20
3318,79
3319,15
3320,87
3321,37
3322,20
3323,60
3324,33
3325,67
3326,14
3327,99
3328,88
3329,38
3330,90
3331,70
3332,57
3333,84
3334,16
3335,18
3336,38
3337,51
3338,42
3339,68
3340,18
3341,24
3342,55
3343,18
3344,0
3345,31
3346,42
3347,39
3348,61
3349,20
3350,9
3351,4
3352,77
3353,1
3354,14
3355,53
3356,7
3357,60
3358,53
3359,90
3360,43
3361,62
3362,38
3363,76
3364,84
3365,98
3366,32
3367,54
3368,3
3369,34
3370,65
3371,72
3372,65
3373,10
3374,13
3375,7
3376,48
3377,90
3378,94
3379,42
3380,74
3381,91
3382,91
3383,68
3384,6
3385,24
3386,82
3387,43
3388,49
3389,15
3390,99
3391,45
3392,49
3393,35
3394,25
3395,54
3396,73
3397,46
3398,81
3399,99
3400,11
3401,31
3402,82
3403,56
3404,3
3405,88
3406,92
3407,8
3408,93
3409,20
3410,29
3411,80
3412,89
3413,0
3414,23
3415,16
3416,96
3417,24
3418,26
3419,55
3420,98
3421,53
3422,77
3423,38
3424,49
3425,35
3426,12
3427,27
3428,26
3429,82
3430,5
3431,28
3432,1
3433,56
3434,79
3435,57
3436,60
3437,65
3438,55
3439,23
3440,56
3441,52
3442,21
3443,36
3444,9
3445,41
3446,24
3447,75
3448,5
3449,32
3450,12
3451,57
3452,84
3453,76
3454,38
3455,12
3456,72
3457,23
3458,76
3459,29
3460,57
3461,75
3462,32
3463,25
3464,52
3465,59
3466,49
3467,8
3468,19
3469,98
3470,39
3471,71
3472,46
3473,3
3474,65
3475,43
3476,90
3477,8
3478,13
3479,99
3480,31
3481,2
3482,52
3483,67
3484,89
3485,2
3486,54
3487,88
3488,95
3489,95
3490,1
3491,44
3492,0
3493,77
3494,23
3495,73
3496,44
3497,53
3498,66
3499,1
3500,12
3501,38
3502,51
3503,29
3504,64
3505,44
3506,10
3507,10
3508,67
3509,34
3510,0
3511,7
3512,62
3513,17
3514,72
3515,92
3516,83
3517,43
3518,0
3519,32
3520,85
3521,62
3522,18
3523,76
3524,40
3525,48
3526,4
3527,39
3528,64
3529,24
3530,95
3531,53
3532,89
3533,11
3534,35
3535,35
3536,32
3537,58
3538,97
3539,56
3540,78
3541,60
3542,79
3543,32
3544,28
3545,35
3546,90
3547,43
3548,9
3549,42
3550,84
3551,59
3552,27
3553,17
3554,62
3555,23
3556,59
3557,11
3558,48
3559,62
3560,87
3561,28
3562,18
3563,99
3564,13
3565,66
3566,2
3567,97
3568,20
3569,35
3570,16
3571,68
3572,23
3573,93
3574,79
3575,87
3576,41
3577,11
3578,97
3579,39
3580,49
3581,57
3582,47
3583,12
3584,38
3585,65
3586,39
3587,93
3588,18
3589,32
3590,75
3591,8
3592,53
3593,69
3594,74
3595,23
3596,29
3597,4
3598,88
3599,11
3600,96
3601,62
3602,54
3603,11
3604,73
3605,34
3606,48
3607,34
3608,34
3609,94
3610,88
3611,67
3612,71
3613,97
3614,24
3615,11
3616,16
3617,95
3618,22
3619,45
3620,27
3621,80
3622,84
3623,99
3624,52
3625,14
3626,54
3627,16
3628,88
3629,25
3630,58
3631,7
3632,54
3633,73
3634,65
3635,52
3636,78
3637,78
3638,45
3639,50
3640,68
3641,40
3642,46
3643,97
3644,34
3645,52
3646,25
3647,55
3648,29
3649,95
3650,86
3651,62
3652,78
3653,3
3654,28
3655,58
3656,75
3657,18
3658,31
3659,22
3660,66
3661,95
3662,93
3663,97
3664,91
3665,64
3666,71
3667,51
3668,74
3669,85
3670,28
3671,41
3672,71
3673,14
3674,75
3675,90
3676,24
3677,81
3678,23
3679,54
3680,2
3681,86
3682,8
3683,22
3684,51
3685,75
3686,26
3687,11
3688,55
3689,46
3690,64
3691,62
3692,46
3693,39
3694,64
3695,86
3696,85
3697,92
3698,8
3699,27
3700,53
3701,81
3702,94
3703,40
3704,61
3705,94
3706,17
3707,11
3708,1
3709,50
3710,12
3711,77
3712,0
3713,1
3714,14
3715,48
3716,39
3717,55
3718,38
3719,12
3720,11
3721,12
3722,14
3723,87
3724,11
3725,0
3726,95
3727,90
3728,10
3729,84
3730,10
3731,97
3732,48
3733,63
3734,51
3735,52
3736,96
3737,23
3738,30
3739,65
3740,81
3741,30
3742,51
3743,69
3744,28
3745,55
3746,31
3747,97
3748,48
3749,64
3750,80
3751,0
3752,0
3753,5
3754,45
3755,13
3756,90
3757,89
3758,13
3759,51
3760,72
3761,91
3762,91
3763,85
3764,56
3765,84
3766,35
3767,93
3768,77
3769,81
3770,82
3771,44
3772,66
3773,56
3774,49
3775,0
3776,70
3777,63
3778,77
3779,14
3780,5
3781,26
3782,24
3783,86
3784,64
3785,55
3786,1
3787,94
3788,74
3789,6
3790,20
3791,96
3792,90
3793,5
3794,40
3795,41
3796,49
3797,76
3798,19
3799,37
3800,49
3801,57
3802,85
3803,63
3804,91
3805,63
3806,94
3807,55
3808,59
3809,21
3810,49
3811,47
3812,72
3813,60
3814,75
3815,25
3816,11
3817,97
3818,96
3819,3
3820,46
3821,85
3822,56
3823,34
3824,3
3825,41
3826,87
3827,38
3828,83
3829,26
3830,77
3831,15
3832,47
3833,68
3834,98
3835,25
3836,10
3837,69
3838,49
3839,86
3840,89
3841,36
3842,59
3843,67
3844,70
3845,72
3846,21
3847,62
3848,60
3849,97
3850,76
3851,69
3852,4
3853,94
3854,38
3855,39
3856,87
3857,48
3858,78
3859,80
3860,30
3861,77
3862,93
3863,61
3864,41
3865,47
3866,99
3867,87
3868,13
3869,11
3870,57
3871,93
3872,39
3873,8
3874,4
3875,3
3876,19
3877,66
3878,90
3879,11
3880,63
3881,78
3882,44
3883,44
3884,15
3885,53
3886,55
3887,13
3888,9
3889,75
3890,73
3891,84
3892,73
3893,78
3894,12
3895,25
3896,7
3897,81
3898,7
3899,55
3900,18
3901,86
3902,67
3903,54
3904,44
3905,60
3906,9
3907,54
3908,34
3909,68
3910,25
3911,71
3912,20
3913,89
3914,24
3915,5
3916,4
3917,59
3918,26
3919,18
3920,37
3921,35
3922,64
3923,74
3924,94
3925,5
3926,43
3927,97
3928,23
3929,93
3930,69
3931,17
3932,1
3933,58
3934,31
3935,8
3936,45
3937,28
3938,23
3939,19
3940,88
3941,87
3942,82
3943,26
3944,33
3945,63
3946,28
3947,13
3948,91
3949,76
3950,76
3951,38
3952,6
3953,70
3954,17
3955,78
3956,56
3957,75
3958,57
3959,14
3960,90
3961,27
3962,51
3963,38
3964,71
3965,96
3966,6
3967,40
3968,51
3969,47
3970,37
3971,41
3972,66
3973,67
3974,41
3975,82
3976,14
3977,71
3978,6
3979,98
3980,54
3981,7
3982,74
3983,64
3984,18
3985,15
3986,1
3987,29
3988,3
3989,25
3990,40
3991,31
3992,60
3993,29
3994,63
3995,6
3996,65
3997,31
3998,21
3999,52
4000,71
4001,1
4002,10
4003,34
4004,34
4005,77
4006,46
4007,17
4008,7
4009,70
4010,20
4011,93
4012,41
4013,83
4014,87
4015,46
4016,30
4017,30
4018,35
4019,85
4020,32
4021,14
4022,51
4023,24
4024,5
4025,49
4026,53
4027,90
4028,48
4029,46
4030,7
4031,94
4032,37
4033,94
4034,94
4035,52
4036,70
4037,61
4038,41
4039,74
4040,84
4041,76
4042,18
4043,2
4044,19
4045,62
4046,46
4047,41
4048,69
4049,34
4050,2
4051,42
4052,62
4053,94
4054,99
4055,45
4056,2
4057,27
4058,91
4059,3
4060,56
4061,20
4062,83
4063,54
4064,75
4065,41
4066,83
4067,55
4068,95
4069,71
4070,14
4071,2
4072,43
4073,96
4074,30
4075,34
4076,81
4077,9
4078,44
4079,99
4080,87
4081,79
4082,11
4083,49
4084,44
4085,10
4086,96
4087,84
4088,49
4089,33
4090,3
4091,45
4092,71
4093,76
4094,21
4095,81
4096,30
4097,99
4098,64
4099,83
4100,0
4101,3
4102,74
4103,82
4104,13
4105,69
4106,8
4107,3
4108,74
4109,89
4110,98
4111,61
4112,92
4113,79
4114,86
4115,3
4116,95
4117,38
4118,42
4119,65
4120,75
4121,68
4122,17
4123,85
4124,49
4125,20
4126,63
4127,75
4128,48
4129,13
4130,60
4131,65
4132,62
4133,17
4134,37
4135,42
4136,59
4137,59
4138,38
4139,70
4140,79
4141,11
4142,49
4143,91
4144,83
4145,2
4146,45
4147,48
4148,1
4149,33
4150,57
4151,78
4152,12
4153,97
4154,44
4155,43
4156,63
4157,55
4158,37
4159,20
4160,49
4161,19
4162,16
4163,26
4164,21
4165,79
4166,40
4167,68
4168,74
4169,73
4170,46
4171,94
4172,68
4173,13
4174,61
4175,83
4176,93
4177,88
4178,35
4179,60
4180,2
4181,21
4182,34
4183,39
4184,65
4185,81
4186,20
4187,21
4188,99
4189,68
4190,88
4191,4
4192,49
4193,69
4194,17
4195,23
4196,81
4197,3
4198,63
4199,67
4200,17
4201,13
4202,95
4203,79
4204,22
4205,24
4206,22
4207,23
4208,94
4209,60
4210,90
4211,46
4212,68
4213,52
4214,20
4215,4
4216,54
4217,53
4218,3
4219,4
4220,42
4221,53
4222,27
4223,86
4224,47
4225,27
4226,5
4227,2
4228,71
4229,54
4230,54
4231,17
4232,56
4233,54
4234,15
4235,69
4236,65
4237,24
4238,50
4239,8
4240,99
4241,77
4242,75
4243,66
4244,72
4245,94
4246,27
4247,11
4248,75
4249,44
4250,37
4251,8
4252,10
4253,84
4254,77
4255,34
4256,37
4257,2
4258,86
4259,20
4260,90
4261,49
4262,95
4263,29
4264,34
4265,32
4266,43
4267,72
4268,18
4269,51
4270,87
4271,27
4272,41
4273,38
4274,72
4275,30
4276,19
4277,50
4278,44
4279,79
4280,79
4281,13
4282,99
4283,97
4284,93
4285,97
4286,29
4287,16
4288,29
4289,0
4290,19
4291,37
4292,91
4293,75
4294,34
4295,50
4296,13
4297,61
4298,50
4299,85
4300,95
4301,67
4302,75
4303,43
4304,63
4305,3
4306,25
4307,13
4308,50
4309,56
4310,60
4311,30
4312,10
4313,34
4314,84
4315,1
4316,58
4317,98
4318,15
4319,77
4320,88
4321,22
4322,87
4323,97
4324,46
4325,9
4326,32
4327,12
4328,32
4329,48
4330,96
4331,61
4332,9
4333,88
4334,9
4335,13
4336,70
4337,31
4338,32
4339,25
4340,0
4341,72
4342,75
4343,68
4344,27
4345,15
4346,83
4347,31
4348,10
4349,4
4350,48
4351,67
4352,89
4353,59
4354,36
4355,16
4356,67
4357,69
4358,49
4359,54
4360,57
4361,16
4362,56
4363,84
4364,75
4365,50
4366,90
4367,10
4368,83
4369,22
4370,59
4371,93
4372,36
4373,51
4374,6
4375,27
4376,82
4377,1
4378,97
4379,76
4380,56
4381,49
4382,94
4383,39
4384,25
4385,98
4386,31
4387,58
4388,79
4389,54
4390,64
4391,1
4392,24
4393,46
4394,51
4395,78
4396,54
4397,74
4398,96
4399,2
4400,7
4401,95
4402,27
4403,83
4404,89
4405,74
4406,68
4407,24
4408,49
4409,5
4410,80
4411,53
4412,75
4413,55
4414,75
4415,15
4416,69
4417,99
4418,24
4419,15
4420,2
4421,68
4422,24
4423,75
4424,75
4425,41
4426,13
4427,33
4428,41
4429,31
4430,50
4431,18
4432,43
4433,0
4434,13
4435,15
4436,7
4437,17
4438,83
4439,92
4440,79
4441,34
4442,74
4443,86
4444,20
4445,50
4446,72
4447,14
4448,87
4449,88
4450,98
4451,74
4452,26
4453,1
4454,79
4455,12
4456,87
4457,18
4458,65
4459,1
4460,52
4461,48
4462,83
4463,58
4464,37
4465,56
4466,94
4467,50
4468,13
4469,55
4470,97
4471,28
4472,7
4473,21
4474,19
4475,22
4476,92
4477,75
4478,75
4479,73
4480,25
4481,75
4482,82
4483,75
4484,35
4485,48
4486,79
4487,48
4488,18
4489,12
4490,58
4491,3
4492,60
4493,41
4494,69
4495,53
4496,43
4497,15
4498,85
4499,96
4500,35
4501,66
4502,62
4503,73
4504,87
4505,72
4506,58
4507,68
4508,19
4509,38
4510,27
4511,81
4512,21
4513,29
4514,51
4515,58
4516,34
4517,89
4518,12
4519,15
4520,10
4521,37
4522,95
4523,50
4524,30
4525,15
4526,98
4527,33
4528,40
4529,11
4530,96
4531,14
4532,3
4533,3
4534,53
4535,91
4536,81
4537,73
4538,16
4539,75
4540,90
4541,96
4542,52
4543,41
4544,11
4545,34
4546,24
4547,56
4548,34
4549,51
4550,38
4551,46
4552,62
4553,52
4554,75
4555,78
4556,60
4557,70
4558,28
4559,67
4560,11
4561,8
4562,61
4563,72
4564,24
4565,42
4566,30
4567,70
4568,25
4569,7
4570,28
4571,67
4572,53
4573,28
4574,6
4575,54
4576,78
4577,66
4578,41
4579,4
4580,95
4581,47
4582,52
4583,59
4584,68
4585,21
4586,16
4587,83
4588,58
4589,92
4590,18
4591,24
4592,95
4593,99
4594,14
4595,86
4596,18
4597,76
4598,68
4599,56
4600,70
4601,64
4602,97
4603,4
4604,18
4605,40
4606,43
4607,61
4608,33
4609,42
4610,89
4611,42
4612,50
4613,92
4614,79
4615,49
4616,7
4617,52
4618,66
4619,99
4620,96
4621,34
4622,6
4623,11
4624,92
4625,29
4626,4
4627,75
4628,4
4629,10
4630,90
4631,94
4632,29
4633,90
4634,98
4635,21
4636,66
4637,57
4638,5
4639,37
4640,0
4641,1
4642,56
4643,95
4644,80
4645,93
4646,8
4647,23
4648,98
4649,21
4650,85
4651,68
4652,72
4653,1
4654,11
4655,92
4656,22
4657,52
4658,90
4659,69
4660,59
4661,23
4662,30
4663,89
4664,28
4665,79
4666,0
4667,79
4668,5
4669,18
4670,60
4671,79
4672,99
4673,96
4674,68
4675,24
4676,63
4677,42
4678,81
4679,77
4680,13
4681,2
4682,33
4683,9
4684,62
4685,96
4686,7
4687,50
4688,83
4689,25
4690,46
4691,89
4692,41
4693,58
4694,37
4695,91
4696,14
4697,57
4698,40
4699,5
4700,55
4701,70
4702,55
4703,34
4704,13
4705,54
4706,14
4707,67
4708,9
4709,31
4710,77
4711,43
4712,33
4713,80
4714,63
4715,66
4716,1
4717,99
4718,27
4719,68
4720,74
4721,93
4722,20
4723,60
4724,26
4725,40
4726,96
4727,92
4728,46
4729,47
4730,52
4731,13
4732,6
4733,93
4734,94
4735,54
4736,15
4737,96
4738,79
4739,49
4740,81
4741,41
4742,14
4743,30
4744,76
4745,21
4746,82
4747,47
4748,18
4749,80
4750,46
4751,14
4752,43
4753,32
4754,34
4755,57
4756,48
4757,19
4758,31
4759,67
4760,0
4761,65
4762,32
4763,71
4764,30
4765,8
4766,93
4767,53
4768,96
4769,56
4770,30
4771,22
4772,7
4773,84
4774,17
4775,92
4776,95
4777,23
4778,63
4779,22
4780,10
4781,24
4782,23
4783,32
4784,12
4785,82
4786,50
4787,65
4788,13
4789,98
4790,26
4791,19
4792,0
4793,12
4794,76
4795,96
4796,24
4797,70
4798,16
4799,86
4800,39
4801,31
4802,37
4803,71
4804,39
4805,93
4806,87
4807,17
4808,13
4809,39
4810,35
4811,54
4812,88
4813,1
4814,61
4815,24
4816,69
4817,55
4818,9
4819,46
4820,50
4821,58
4822,76
4823,33
4824,4
4825,5
4826,30
4827,50
4828,79
4829,5
4830,16
4831,82
4832,82
4833,72
4834,11
4835,6
4836,46
4837,86
4838,39
4839,29
4840,7
4841,69
4842,50
4843,7
4844,33
4845,61
4846,35
4847,20
4848,9
4849,37
4850,32
4851,82
4852,32
4853,65
4854,77
4855,16
4856,98
4857,46
4858,23
4859,22
4860,75
4861,44
4862,88
4863,10
4864,85
4865,83
4866,68
4867,31
4868,91
4869,28
4870,85
4871,55
4872,91
4873,19
4874,59
4875,44
4876,35
4877,27
4878,34
4879,17
4880,86
4881,58
4882,29
4883,58
4884,85
4885,20
4886,35
4887,12
4888,40
4889,19
4890,16
4891,65
4892,48
4893,49
4894,15
4895,27
4896,53
4897,99
4898,66
4899,26
4900,88
4901,27
4902,87
4903,41
4904,17
4905,59
4906,6
4907,21
4908,8
4909,95
4910,17
4911,3
4912,62
4913,56
4914,66
4915,4
4916,68
4917,11
4918,20
4919,76
4920,23
4921,72
4922,16
4923,0
4924,86
4925,59
4926,93
4927,48
4928,40
4929,75
4930,17
4931,52
4932,51
4933,94
4934,87
4935,80
4936,44
4937,5
4938,30
4939,28
4940,67
4941,7
4942,65
4943,34
4944,75
4945,23
4946,14
4947,94
4948,57
4949,63
4950,81
4951,55
4952,99
4953,23
4954,32
4955,11
4956,9
4957,96
4958,81
4959,40
4960,48
4961,6
4962,35
4963,22
4964,93
4965,0
4966,14
4967,23
4968,51
4969,4
4970,14
4971,66
4972,80
4973,68
4974,18
4975,47
4976,31
4977,62
4978,70
4979,90
4980,8
4981,81
4982,51
4983,91
4984,14
4985,79
4986,86
4987,18
4988,61
4989,62
4990,54
4991,34
4992,42
4993,12
4994,65
4995,99
4996,98
4997,55
4998,13
4999,39
5000,56
5001,53
5002,82
5003,48
5004,76
5005,82
5006,49
5007,40
5008,58
5009,58
5010,54
5011,37
5012,72
5013,7
5014,68
5015,81
5016,66
5017,54
5018,68
5019,47
5020,37
5021,91
5022,53
5023,23
5024,63
5025,90
5026,35
5027,43
5028,62
5029,15
5030,9
5031,97
5032,67
5033,44
5034,75
5035,25
5036,59
5037,41
5038,14
5039,71
5040,36
5041,17
5042,76
5043,21
5044,88
5045,49
5046,98
5047,54
5048,86
5049,90
5050,42
5051,55
5052,33
5053,49
5054,84
5055,63
5056,78
5057,72
5058,36
5059,37
5060,66
5061,11
5062,76
5063,8
5064,13
5065,53
5066,87
5067,19
5068,40
5069,18
5070,32
5071,88
5072,93
5073,99
5074,99
5075,75
5076,21
5077,63
5078,97
5079,75
5080,50
5081,52
5082,94
5083,10
5084,19
5085,54
5086,27
5087,22
5088,1
5089,80
5090,21
5091,90
5092,35
5093,69
5094,47
5095,77
5096,20
5097,91
5098,68
5099,64
5100,76
5101,5
5102,9
5103,43
5104,49
5105,4
5106,33
5107,32
5108,18
5109,42
5110,58
5111,44
5112,48
5113,97
5114,48
5115,17
5116,28
5117,35
5118,11
5119,15
5120,21
5121,81
5122,59
5123,14
5124,37
5125,75
5126,2
5127,10
5128,38
5129,58
5130,90
5131,43
5132,31
5133,91
5134,23
5135,28
5136,12
5137,15
5138,26
5139,22
5140,84
5141,84
5142,42
5143,55
5144,91
5145,47
5146,5
5147,22
5148,6
5149,58
5150,91
5151,61
5152,91
5153,71
5154,74
5155,82
5156,66
5157,30
5158,47
5159,38
5160,2
5161,54
5162,48
5163,13
5164,85
5165,3
5166,16
5167,21
5168,44
5169,27
5170,7
5171,8
5172,28
5173,30
5174,98
5175,48
5176,13
5177,36
5178,29
5179,86
5180,13
5181,82
5182,4
5183,98
5184,81
5185,42
5186,60
5187,69
5188,68
5189,89
5190,15
5191,24
5192,49
5193,12
5194,71
5195,87
5196,71
5197,98
5198,14
5199,88
5200,74
5201,22
5202,25
5203,11
5204,44
5205,17
5206,18
5207,74
5208,29
5209,6
5210,23
5211,0
5212,60
5213,30
5214,57
5215,94
5216,48
5217,75
5218,15
5219,51
5220,93
5221,93
5222,41
5223,52
5224,52
5225,12
5226,11
5227,87
5228,99
5229,86
5230,5
5231,42
5232,60
5233,64
5234,99
5235,49
5236,22
5237,47
5238,47
5239,5
5240,60
5241,71
5242,72
5243,74
5244,19
5245,56
5246,24
5247,30
5248,76
5249,15
5250,39
5251,16
5252,21
5253,43
5254,38
5255,95
5256,55
5257,68
5258,25
5259,69
5260,82
5261,3
5262,0
5263,52
5264,71
5265,52
5266,47
5267,60
5268,40
5269,9
5270,61
5271,36
5272,90
5273,42
5274,21
5275,30
5276,26
5277,43
5278,13
5279,88
5280,49
5281,33
5282,53
5283,30
5284,96
5285,2
5286,85
5287,89
5288,79
5289,79
5290,44
5291,97
5292,14
5293,15
5294,16
5295,75
5296,6
5297,92
5298,88
5299,64
5300,54
5301,71
5302,18
5303,96
5304,8
5305,67
5306,0
5307,38
5308,28
5309,57
5310,66
5311,48
5312,84
5313,60
5314,89
5315,16
5316,42
5317,58
5318,61
5319,22
5320,75
5321,37
5322,21
5323,60
5324,40
5325,27
5326,53
5327,89
5328,42
5329,88
5330,54
5331,11
5332,62
5333,94
5334,67
5335,95
5336,64
5337,8
5338,87
5339,44
5340,45
5341,26
5342,48
5343,87
5344,59
5345,46
5346,61
5347,64
5348,43
5349,25
5350,48
5351,78
5352,36
5353,29
5354,14
5355,76
5356,74
5357,61
5358,56
5359,55
5360,78
5361,64
5362,8
5363,27
5364,22
5365,61
5366,77
5367,85
5368,95
5369,99
5370,0
5371,80
5372,45
5373,33
5374,49
5375,51
5376,36
5377,35
5378,39
5379,76
5380,95
5381,3
5382,45
5383,55
5384,60
5385,3
5386,51
5387,94
5388,67
5389,6
5390,62
5391,46
5392,28
5393,26
5394,61
5395,29
5396,64
5397,95
5398,4
5399,42
5400,17
5401,99
5402,76
5403,86
5404,83
5405,78
5406,25
5407,36
5408,97
5409,99
5410,52
5411,28
5412,53
5413,28
5414,22
5415,5
5416,11
5417,17
5418,66
5419,4
5420,30
5421,1
5422,53
5423,12
5424,39
5425,97
5426,78
5427,7
5428,94
5429,85
5430,48
5431,16
5432,17
5433,50
5434,96
5435,92
5436,62
5437,58
5438,92
5439,60
5440,9
5441,44
5442,49
5443,71
5444,99
5445,90
5446,31
5447,93
5448,56
5449,42
5450,70
5451,6
5452,43
5453,43
5454,86
5455,60
5456,24
5457,84
5458,42
5459,60
5460,48
5461,19
5462,93
5463,16
5464,72
5465,37
5466,3
5467,78
5468,68
5469,48
5470,52
5471,74
5472,42
5473,20
5474,14
5475,75
5476,62
5477,76
5478,23
5479,10
5480,74
5481,26
5482,28
5483,44
5484,51
5485,47
5486,48
5487,79
5488,67
5489,19
5490,81
5491,18
5492,40
5493,88
5494,15
5495,89
5496,0
5497,80
5498,36
5499,59
5500,67
5501,57
5502,64
5503,87
5504,72
5505,39
5506,82
5507,79
5508,10
5509,40
5510,66
5511,32
5512,46
5513,64
5514,54
5515,42
5516,15
5517,84
5518,7
5519,15
5520,70
5521,70
5522,28
5523,27
5524,36
5525,31
5526,80
5527,16
5528,59
5529,6
5530,19
5531,87
5532,15
5533,81
5534,19
5535,11
5536,2
5537,68
5538,47
5539,18
5540,14
5541,66
5542,49
5543,65
5544,81
5545,35
5546,45
5547,76
5548,95
5549,5
5550,89
5551,69
5552,76
5553,71
5554,95
5555,16
5556,7
5557,47
5558,6
5559,24
5560,73
5561,60
5562,32
5563,59
5564,35
5565,94
5566,25
5567,23
5568,58
5569,65
5570,38
5571,85
5572,48
5573,82
5574,21
5575,55
5576,69
5577,39
5578,12
5579,29
5580,68
5581,17
5582,87
5583,78
5584,70
5585,67
5586,64
5587,94
5588,75
5589,18
5590,73
5591,32
5592,62
5593,41
5594,1
5595,16
5596,85
5597,80
5598,29
5599,78
5600,59
5601,26
5602,46
5603,20
5604,7
5605,93
5606,63
5607,53
5608,59
5609,37
5610,33
5611,76
5612,48
5613,63
5614,84
5615,31
5616,54
5617,28
5618,38
5619,34
5620,47
5621,63
5622,54
5623,35
5624,93
5625,61
5626,50
5627,34
5628,7
5629,56
5630,68
5631,58
5632,81
5633,39
5634,13
5635,81
5636,35
5637,81
5638,33
5639,18
5640,4
5641,23
5642,72
5643,94
5644,77
5645,47
5646,51
5647,5
5648,37
5649,40
5650,48
5651,96
5652,23
5653,98
5654,13
5655,98
5656,71
5657,60
5658,62
5659,39
5660,68
5661,52
5662,6
5663,78
5664,98
5665,77
5666,94
5667,73
5668,70
5669,59
5670,55
5671,76
5672,72
5673,95
5674,55
5675,0
5676,99
5677,24
5678,56
5679,0
5680,83
5681,74
5682,81
5683,20
5684,54
5685,11
5686,9
5687,69
5688,65
5689,78
5690,46
5691,48
5692,1
5693,59
5694,77
5695,49
5696,89
5697,36
5698,42
5699,20
5700,64
5701,67
5702,87
5703,71
5704,36
5705,95
5706,27
5707,50
5708,54
5709,82
5710,19
5711,6
5712,31
5713,54
5714,32
5715,58
5716,10
5717,64
5718,3
5719,3
5720,27
5721,49
5722,56
5723,33
5724,99
5725,92
5726,34
5727,53
5728,17
5729,93
5730,66
5731,0
5732,58
5733,4
5734,12
5735,67
5736,58
5737,66
5738,58
5739,36
5740,39
5741,9
5742,82
5743,68
5744,4
5745,46
5746,50
5747,72
5748,37
5749,17
5750,30
5751,72
5752,50
5753,1
5754,59
5755,73
5756,58
5757,90
5758,56
5759,18
5760,16
5761,32
5762,15
5763,90
5764,78
5765,56
5766,40
5767,63
5768,22
5769,2
5770,14
5771,72
5772,76
5773,30
5774,2
5775,45
5776,5
5777,39
5778,12
5779,43
5780,91
5781,97
5782,50
5783,50
5784,62
5785,33
5786,22
5787,66
5788,26
5789,62
5790,49
5791,30
5792,24
5793,73
5794,31
5795,55
5796,59
5797,46
5798,46
5799,20
5800,83
5801,80
5802,38
5803,30
5804,93
5805,93
5806,41
5807,0
5808,35
5809,54
5810,9
5811,16
5812,87
5813,81
5814,12
5815,49
5816,60
5817,81
5818,13
5819,42
5820,51
5821,36
5822,59
5823,41
5824,7
5825,94
5826,50
5827,56
5828,37
5829,63
5830,75
5831,19
5832,34
5833,88
5834,58
5835,24
5836,28
5837,56
5838,33
5839,41
5840,62
5841,7
5842,7
5843,80
5844,26
5845,22
5846,52
5847,32
5848,70
5849,28
5850,96
5851,64
5852,57
5853,13
5854,47
5855,8
5856,73
5857,17
5858,92
5859,27
5860,91
5861,82
5862,15
5863,57
5864,60
5865,16
5866,54
5867,7
5868,52
5869,45
5870,50
5871,39
5872,44
5873,74
5874,74
5875,71
5876,85
5877,8
5878,31
5879,28
5880,17
5881,26
5882,28
5883,93
5884,28
5885,0
5886,37
5887,26
5888,71
5889,34
5890,64
5891,99
5892,27
5893,58
5894,16
5895,8
5896,54
5897,46
5898,94
5899,41
5900,0
5901,19
5902,44
5903,32
5904,6
5905,42
5906,70
5907,73
5908,31
5909,73
5910,62
5911,97
5912,97
5913,0
5914,57
5915,43
5916,2
5917,53
5918,69
5919,47
5920,13
5921,84
5922,67
5923,43
5924,80
5925,59
5926,20
5927,76
5928,65
5929,79
5930,99
5931,62
5932,58
5933,21
5934,98
5935,1
5936,35
5937,81
5938,66
5939,69
5940,39
5941,60
5942,88
5943,6
5944,51
5945,29
5946,31
5947,75
5948,67
5949,78
5950,69
5951,23
5952,23
5953,68
5954,55
5955,66
5956,83
5957,86
5958,77
5959,10
5960,95
5961,67
5962,93
5963,64
5964,43
5965,60
5966,44
5967,62
5968,91
5969,81
5970,50
5971,35
5972,11
5973,99
5974,85
5975,92
5976,16
5977,59
5978,22
5979,43
5980,98
5981,25
5982,63
5983,84
5984,72
5985,81
5986,95
5987,36
5988,25
5989,12
5990,24
5991,61
5992,74
5993,9
5994,8
5995,20
5996,35
5997,49
5998,0
5999,66
6000,31
6001,18
6002,35
6003,23
6004,47
6005,52
6006,30
6007,88
6008,46
6009,71
6010,97
6011,17
6012,81
6013,76
6014,83
6015,39
6016,72
6017,30
6018,9
6019,55
6020,86
6021,46
6022,48
6023,35
6024,88
6025,9
6026,88
6027,21
6028,36
6029,66
6030,82
6031,40
6032,47
6033,28
6034,57
6035,62
6036,93
6037,15
6038,54
6039,42
6040,33
6041,98
6042,39
6043,70
6044,15
6045,36
6046,94
6047,70
6048,59
6049,70
6050,92
6051,16
6052,3
6053,39
6054,71
6055,42
6056,99
6057,16
6058,21
6059,28
6060,98
6061,93
6062,17
6063,89
6064,14
6065,57
6066,81
6067,34
6068,4
6069,10
6070,81
6071,40
6072,49
6073,29
6074,5
6075,58
6076,36
6077,3
6078,83
6079,10
6080,84
6081,12
6082,25
6083,17
6084,29
6085,80
6086,80
6087,24
6088,92
6089,9
6090,55
6091,38
6092,88
6093,28
6094,43
6095,57
6096,36
6097,99
6098,20
6099,0
6100,32
6101,90
6102,62
6103,78
6104,31
6105,88
6106,56
6107,23
6108,71
6109,88
6110,94
6111,4
6112,39
6113,66
6114,96
6115,63
6116,13
6117,39
6118,85
6119,31
6120,84
6121,24
6122,9
6123,18
6124,43
6125,96
6126,2
6127,6
6128,28
6129,99
6130,19
6131,39
6132,97
6133,6
6134,39
6135,51
6136,74
6137,52
6138,25
6139,28
6140,21
6141,20
6142,50
6143,36
6144,48
6145,39
6146,14
6147,74
6148,2
6149,12
6150,73
6151,43
6152,51
6153,79
6154,78
6155,82
6156,74
6157,11
6158,32
6159,69
6160,97
6161,87
6162,34
6163,34
6164,56
6165,22
6166,16
6167,62
6168,9
6169,25
6170,77
6171,74
6172,17
6173,28
6174,47
6175,43
6176,87
6177,50
6178,30
6179,49
6180,78
6181,68
6182,99
6183,96
6184,28
6185,72
6186,19
6187,39
6188,23
6189,25
6190,74
6191,87
6192,46
6193,5
6194,51
6195,51
6196,11
6197,57
6198,99
6199,53
6200,85
6201,74
6202,29
6203,75
6204,87
6205,95
6206,40
6207,33
6208,49
6209,64
6210,8
6211,37
6212,0
6213,87
6214,9
6215,51
6216,40
6217,9
6218,39
6219,70
6220,96
6221,34
6222,62
6223,32
6224,61
6225,35
6226,8
6227,2
6228,66
6229,66
6230,11
6231,99
6232,56
6233,20
6234,95
6235,68
6236,47
6237,94
6238,22
6239,9
6240,23
6241,11
6242,55
6243,27
6244,41
6245,20
6246,69
6247,98
6248,30
6249,96
6250,60
6251,28
6252,10
6253,0
6254,0
6255,31
6256,15
6257,29
6258,24
6259,49
6260,52
6261,60
6262,32
6263,57
6264,52
6265,87
6266,59
6267,22
6268,83
6269,22
6270,57
6271,56
6272,1
6273,83
6274,29
6275,60
6276,38
6277,7
6278,88
6279,48
6280,8
6281,43
6282,18
6283,68
6284,50
6285,55
6286,80
6287,73
6288,27
6289,5
6290,76
6291,2
6292,64
6293,42
6294,90
6295,47
6296,1
6297,39
6298,69
6299,86
6300,74
6301,2
6302,36
6303,81
6304,39
6305,30
6306,74
6307,85
6308,33
6309,6
6310,97
6311,72
6312,54
6313,40
6314,91
6315,71
6316,68
6317,98
6318,57
6319,56
6320,14
6321,36
6322,37
6323,40
6324,97
6325,72
6326,88
6327,83
6328,75
6329,83
6330,74
6331,66
6332,52
6333,52
6334,86
6335,66
6336,24
6337,69
6338,41
6339,13
6340,39
6341,25
6342,61
6343,48
6344,18
6345,71
6346,38
6347,46
6348,45
6349,30
6350,11
6351,54
6352,71
6353,21
6354,56
6355,72
6356,93
6357,98
6358,73
6359,47
6360,89
6361,24
6362,59
6363,75
6364,20
6365,45
6366,92
6367,47
6368,5
6369,63
6370,39
6371,55
6372,45
6373,67
6374,2
6375,79
6376,76
6377,27
6378,81
6379,89
6380,83
6381,60
6382,48
6383,86
6384,2
6385,95
6386,98
6387,21
6388,82
6389,95
6390,94
6391,50
6392,71
6393,75
6394,79
6395,42
6396,75
6397,18
6398,89
6399,36
6400,83
6401,42
6402,67
6403,81
6404,67
6405,52
6406,17
6407,76
6408,5
6409,88
6410,69
6411,13
6412,37
6413,94
6414,92
6415,0
6416,48
6417,15
6418,15
6419,39
6420,40
6421,82
6422,31
6423,94
6424,42
6425,68
6426,52
6427,38
6428,4
6429,16
6430,89
6431,25
6432,27
6433,97
6434,7
6435,95
6436,66
6437,27
6438,26
6439,39
6440,9
6441,66
6442,7
6443,59
6444,33
6445,79
6446,63
6447,97
6448,43
6449,48
6450,78
6451,25
6452,32
6453,18
6454,40
6455,42
6456,80
6457,16
6458,45
6459,45
6460,12
6461,99
6462,18
6463,6
6464,41
6465,46
6466,69
6467,12
6468,44
6469,34
6470,32
6471,30
6472,69
6473,72
6474,85
6475,15
6476,62
6477,5
6478,71
6479,56
6480,59
6481,88
6482,22
6483,57
6484,19
6485,72
6486,63
6487,56
6488,99
6489,95
6490,22
6491,20
6492,67
6493,57
6494,72
6495,29
6496,64
6497,91
6498,64
6499,36
6500,22
6501,49
6502,26
6503,84
6504,59
6505,34
6506,85
6507,9
6508,22
6509,29
6510,60
6511,11
6512,94
6513,79
6514,39
6515,7
6516,53
6517,12
6518,27
6519,57
6520,99
6521,88
6522,61
6523,49
6524,78
6525,24
6526,55
6527,12
6528,38
6529,68
6530,40
6531,87
6532,57
6533,65
6534,31
6535,18
6536,57
6537,91
6538,31
6539,4
6540,26
6541,7
6542,96
6543,39
6544,34
6545,34
6546,69
6547,48
6548,56
6549,18
6550,45
6551,92
6552,97
6553,8
6554,79
6555,97
6556,81
6557,68
6558,51
6559,10
6560,77
6561,97
6562,33
6563,60
6564,43
6565,10
6566,74
6567,31
6568,87
6569,49
6570,99
6571,24
6572,68
6573,46
6574,58
6575,51
6576,91
6577,36
6578,65
6579,78
6580,72
6581,14
6582,25
6583,62
6584,86
6585,35
6586,49
6587,70
6588,52
6589,71
6590,99
6591,5
6592,79
6593,71
6594,20
6595,59
6596,67
6597,28
6598,76
6599,31
6600,65
6601,62
6602,9
6603,55
6604,54
6605,38
6606,46
6607,52
6608,5
6609,75
6610,96
6611,35
6612,52
6613,73
6614,87
6615,62
6616,15
6617,11
6618,59
6619,20
6620,52
6621,96
6622,85
6623,65
6624,35
6625,77
6626,38
6627,24
6628,2
6629,17
6630,36
6631,34
6632,74
6633,41
6634,32
6635,23
6636,76
6637,55
6638,91
6639,21
6640,81
6641,62
6642,55
6643,96
6644,79
6645,95
6646,29
6647,82
6648,43
6649,4
6650,49
6651,35
6652,97
6653,58
6654,43
6655,20
6656,86
6657,22
6658,17
6659,18
6660,53
6661,60
6662,36
6663,83
6664,18
6665,32
6666,66
6667,78
6668,51
6669,98
6670,69
6671,28
6672,46
6673,22
6674,49
6675,21
6676,93
6677,1
6678,72
6679,43
6680,73
6681,51
6682,99
6683,92
6684,76
6685,47
6686,31
6687,82
6688,75
6689,61
6690,55
6691,90
6692,78
6693,34
6694,87
6695,99
6696,85
6697,70
6698,2
6699,14
6700,45
6701,62
6702,93
6703,90
6704,64
6705,38
6706,12
6707,91
6708,47
6709,11
6710,22
6711,79
6712,81
6713,8
6714,25
6715,74
6716,2
6717,60
6718,21
6719,28
6720,8
6721,15
6722,67
6723,75
6724,40
6725,17
6726,88
6727,95
6728,63
6729,51
6730,48
6731,65
6732,6
6733,39
6734,5
6735,34
6736,49
6737,14
6738,0
6739,23
6740,99
6741,47
6742,13
6743,41
6744,76
6745,42
6746,38
6747,99
6748,24
6749,76
6750,57
6751,74
6752,16
6753,44
6754,54
6755,92
6756,73
6757,4
6758,2
6759,1
6760,39
6761,98
6762,90
6763,4
6764,81
6765,74
6766,64
6767,42
6768,47
6769,69
6770,51
6771,66
6772,10
6773,52
6774,61
6775,35
6776,95
6777,39
6778,15
6779,77
6780,36
6781,23
6782,41
6783,94
6784,95
6785,17
6786,1
6787,62
6788,9
6789,45
6790,37
6791,90
6792,77
6793,69
6794,77
6795,22
6796,75
6797,24
6798,3
6799,48
6800,24
6801,10
6802,4
6803,0
6804,10
6805,2
6806,0
6807,89
6808,24
6809,94
6810,33
6811,66
6812,17
6813,5
6814,90
6815,77
6816,38
6817,77
6818,44
6819,35
6820,52
6821,92
6822,29
6823,94
6824,37
6825,83
6826,40
6827,0
6828,92
6829,96
6830,4
6831,78
6832,35
6833,6
6834,85
6835,47
6836,96
6837,8
6838,93
6839,62
6840,25
6841,86
6842,48
6843,56
6844,93
6845,82
6846,52
6847,70
6848,8
6849,19
6850,67
6851,4
6852,86
6853,19
6854,31
6855,32
6856,38
6857,83
6858,5
6859,10
6860,40
6861,12
6862,33
6863,94
6864,68
6865,8
6866,89
6867,69
6868,95
6869,43
6870,60
6871,11
6872,92
6873,12
6874,90
6875,2
6876,54
6877,45
6878,65
6879,50
6880,3
6881,68
6882,17
6883,98
6884,81
6885,38
6886,9
6887,99
6888,77
6889,46
6890,22
6891,73
6892,23
6893,72
6894,73
6895,78
6896,70
6897,70
6898,55
6899,9
6900,86
6901,91
6902,26
6903,85
6904,30
6905,12
6906,54
6907,81
6908,76
6909,26
6910,67
6911,51
6912,0
6913,15
6914,48
6915,81
6916,55
6917,38
6918,27
6919,26
6920,81
6921,25
6922,0
6923,64
6924,42
6925,77
6926,52
6927,54
6928,62
6929,12
6930,89
6931,53
6932,21
6933,18
6934,92
6935,36
6936,44
6937,35
6938,31
6939,62
6940,41
6941,65
6942,28
6943,20
6944,92
6945,96
6946,21
6947,41
6948,66
6949,18
6950,56
6951,88
6952,76
6953,71
6954,48
6955,64
6956,45
6957,60
6958,78
6959,84
6960,24
6961,37
6962,86
6963,76
6964,84
6965,51
6966,60
6967,97
6968,29
6969,65
6970,88
6971,8
6972,83
6973,59
6974,96
6975,53
6976,32
6977,7
6978,87
6979,92
6980,46
6981,86
6982,66
6983,52
6984,24
6985,4
6986,54
6987,85
6988,50
6989,75
6990,74
6991,80
6992,17
6993,92
6994,72
6995,61
6996,97
6997,66
6998,39
6999,29
7000,35
7001,91
7002,72
7003,7
7004,77
7005,89
7006,89
7007,83
7008,91
7009,1
7010,58
7011,75
7012,9
7013,25
7014,87
7015,59
7016,38
7017,82
7018,27
7019,6
7020,45
7021,36
7022,14
7023,14
7024,46
7025,70
7026,37
7027,84
7028,97
7029,49
7030,69
7031,59
7032,74
7033,86
7034,61
7035,40
7036,66
7037,2
7038,29
7039,49
7040,26
7041,53
7042,73
7043,85
7044,46
7045,13
7046,5
7047,76
7048,71
7049,14
7050,87
7051,37
7052,86
7053,44
7054,28
7055,93
7056,62
7057,50
7058,41
7059,46
7060,51
7061,46
7062,36
7063,20
7064,57
7065,1
7066,33
7067,99
7068,38
7069,59
7070,85
7071,95
7072,23
7073,14
7074,57
7075,50
7076,2
7077,9
7078,42
7079,21
7080,12
7081,95
7082,29
7083,81
7084,46
7085,30
7086,89
7087,97
7088,63
7089,84
7090,9
7091,93
7092,80
7093,9
7094,27
7095,7
7096,39
7097,1
7098,68
7099,83
7100,60
7101,69
7102,84
7103,23
7104,80
7105,40
7106,63
7107,17
7108,31
7109,48
7110,48
7111,2
7112,44
7113,66
7114,29
7115,44
7116,12
7117,14
7118,56
7119,58
7120,70
7121,85
7122,70
7123,94
7124,41
7125,97
7126,5
7127,80
7128,15
7129,62
7130,35
7131,58
7132,56
7133,90
7134,57
7135,21
7136,25
7137,87
7138,19
7139,92
7140,24
7141,38
7142,72
7143,45
7144,39
7145,68
7146,89
7147,31
7148,72
7149,86
7150,36
7151,95
7152,80
7153,96
7154,76
7155,11
7156,77
7157,19
7158,52
7159,84
7160,48
7161,61
7162,32
7163,35
7164,33
7165,69
7166,14
7167,69
7168,36
7169,72
7170,65
7171,94
7172,86
7173,55
7174,94
7175,90
7176,56
7177,4
7178,47
7179,83
7180,71
7181,51
7182,11
7183,45
7184,61
7185,93
7186,96
7187,62
7188,85
7189,74
7190,57
7191,23
7192,20
7193,38
7194,15
7195,5
7196,77
7197,62
7198,12
7199,62
7200,15
7201,47
7202,75
7203,62
7204,28
7205,27
7206,37
7207,13
7208,98
7209,48
7210,47
7211,79
7212,71
7213,7
7214,60
7215,60
7216,97
7217,49
7218,92
7219,0
7220,19
7221,98
7222,90
7223,25
7224,22
7225,50
7226,75
7227,41
7228,65
7229,51
7230,28
7231,46
7232,1
7233,14
7234,17
7235,65
7236,98
7237,85
7238,14
7239,90
7240,35
7241,30
7242,8
7243,21
7244,28
7245,18
7246,65
7247,32
7248,34
7249,48
7250,75
7251,74
7252,92
7253,76
7254,30
7255,27
7256,43
7257,37
7258,82
7259,9
7260,11
7261,54
7262,8
7263,43
7264,67
7265,73
7266,8
7267,9
7268,53
7269,1
7270,93
7271,26
7272,93
7273,99
7274,87
7275,98
7276,91
7277,24
7278,75
7279,34
7280,86
7281,8
7282,8
7283,42
7284,51
7285,16
7286,81
7287,18
7288,85
7289,48
7290,35
7291,45
7292,64
7293,31
7294,55
7295,26
7296,64
7297,27
7298,15
7299,55
7300,93
7301,74
7302,95
7303,87
7304,4
7305,35
7306,27
7307,36
7308,94
7309,73
7310,35
7311,51
7312,24
7313,92
7314,4
7315,45
7316,71
7317,34
7318,67
7319,5
7320,58
7321,74
7322,99
7323,92
7324,62
7325,21
7326,36
7327,36
7328,82
7329,95
7330,71
7331,61
7332,23
7333,31
7334,77
7335,40
7336,74
7337,25
7338,19
7339,93
7340,6
7341,9
7342,68
7343,78
7344,5
7345,10
7346,2
7347,41
7348,4
7349,47
7350,57
7351,91
7352,56
7353,88
7354,92
7355,30
7356,51
7357,19
7358,84
7359,25
7360,76
7361,54
7362,22
7363,68
7364,70
7365,0
7366,5
7367,42
7368,98
7369,10
7370,30
7371,67
7372,7
7373,34
7374,98
7375,97
7376,13
7377,29
7378,8
7379,81
7380,92
7381,29
7382,3
7383,16
7384,52
7385,8
7386,50
7387,26
7388,85
7389,58
7390,22
7391,85
7392,61
7393,52
7394,75
7395,80
7396,95
7397,17
7398,72
7399,55
7400,72
7401,53
7402,23
7403,55
7404,42
7405,99
7406,9
7407,42
7408,59
7409,62
7410,73
7411,43
7412,29
7413,79
7414,47
7415,9
7416,75
7417,42
7418,57
7419,56
7420,99
7421,57
7422,81
7423,9
7424,92
7425,51
7426,64
7427,27
7428,10
7429,68
7430,28
7431,40
7432,75
7433,50
7434,19
7435,62
7436,28
7437,94
7438,52
7439,86
7440,98
7441,13
7442,70
7443,9
7444,15
7445,66
7446,68
7447,66
7448,24
7449,63
7450,56
7451,60
7452,12
7453,53
7454,64
7455,32
7456,20
7457,62
7458,24
7459,16
7460,26
7461,12
7462,33
7463,6
7464,23
7465,22
7466,30
7467,45
7468,75
7469,94
7470,29
7471,8
7472,97
7473,73
7474,12
7475,34
7476,63
7477,85
7478,33
7479,23
7480,53
7481,11
7482,70
7483,51
7484,8
7485,42
7486,56
7487,11
7488,60
7489,48
7490,21
7491,21
7492,60
7493,56
7494,96
7495,42
7496,96
7497,79
7498,17
7499,20
7500,16
7501,24
7502,91
7503,43
7504,14
7505,92
7506,6
7507,89
7508,13
7509,85
7510,47
7511,27
7512,81
7513,63
7514,59
7515,10
7516,78
7517,18
7518,53
7519,17
7520,27
7521,43
7522,10
7523,54
7524,94
7525,79
7526,68
7527,31
7528,69
7529,64
7530,83
7531,41
7532,71
7533,46
7534,96
7535,20
7536,9
7537,90
7538,52
7539,26
7540,83
7541,57
7542,20
7543,20
7544,7
7545,83
7546,27
7547,45
7548,68
7549,93
7550,86
7551,12
7552,60
7553,91
7554,99
7555,1
7556,62
7557,65
7558,26
7559,58
7560,88
7561,97
7562,88
7563,19
7564,3
7565,71
7566,19
7567,48
7568,1
7569,48
7570,58
7571,16
7572,63
7573,75
7574,55
7575,4
7576,91
7577,15
7578,98
7579,32
7580,14
7581,87
7582,38
7583,37
7584,8
7585,45
7586,92
7587,31
7588,62
7589,22
7590,89
7591,92
7592,78
7593,53
7594,45
7595,85
7596,28
7597,37
7598,54
7599,30
7600,95
7601,7
7602,59
7603,24
7604,94
7605,7
7606,94
7607,94
7608,35
7609,80
7610,65
7611,52
7612,40
7613,38
7614,55
7615,97
7616,82
7617,65
7618,75
7619,26
7620,74
7621,34
7622,5
7623,85
7624,30
7625,74
7626,22
7627,95
7628,81
7629,62
7630,27
7631,52
7632,6
7633,44
7634,92
7635,65
7636,69
7637,84
7638,0
7639,43
7640,48
7641,67
7642,62
7643,58
7644,53
7645,18
7646,31
7647,19
7648,48
7649,68
7650,64
7651,3
7652,83
7653,62
7654,39
7655,0
7656,95
7657,51
7658,58
7659,89
7660,89
7661,90
7662,75
7663,61
7664,41
7665,66
7666,52
7667,66
7668,68
7669,80
7670,4
7671,46
7672,5
7673,91
7674,35
7675,50
7676,88
7677,14
7678,75
7679,53
7680,31
7681,5
7682,98
7683,82
7684,7
7685,87
7686,61
7687,7
7688,91
7689,62
7690,5
7691,17
7692,72
7693,41
7694,94
7695,33
7696,67
7697,39
7698,39
7699,23
7700,16
7701,31
7702,63
7703,71
7704,67
7705,45
7706,84
7707,35
7708,74
7709,59
7710,77
7711,30
7712,50
7713,15
7714,51
7715,55
7716,36
7717,95
7718,41
7719,78
7720,54
7721,87
7722,37
7723,75
7724,21
7725,71
7726,39
7727,83
7728,9
7729,99
7730,57
7731,83
7732,45
7733,61
7734,47
7735,74
7736,89
7737,22
7738,85
7739,39
7740,92
7741,25
7742,98
7743,77
7744,70
7745,70
7746,49
7747,70
7748,87
7749,90
7750,38
7751,38
7752,97
7753,36
7754,83
7755,82
7756,77
7757,46
7758,7
7759,74
7760,84
7761,2
7762,9
7763,91
7764,40
7765,36
7766,27
7767,91
7768,99
7769,73
7770,79
7771,83
7772,42
7773,92
7774,90
7775,50
7776,82
7777,24
7778,38
7779,16
7780,87
7781,39
7782,7
7783,31
7784,10
7785,51
7786,59
7787,51
7788,29
7789,66
7790,53
7791,30
7792,84
7793,44
7794,5
7795,91
7796,53
7797,74
7798,72
7799,15
7800,15
7801,29
7802,5
7803,66
7804,77
7805,50
7806,48
7807,73
7808,66
7809,64
7810,77
7811,3
7812,13
7813,18
7814,92
7815,55
7816,13
7817,30
7818,29
7819,91
7820,91
7821,61
7822,75
7823,13
7824,71
7825,70
7826,46
7827,52
7828,94
7829,89
7830,90
7831,56
7832,57
7833,43
7834,60
7835,45
7836,30
7837,59
7838,78
7839,74
7840,42
7841,80
7842,54
7843,99
7844,60
7845,60
7846,54
7847,18
7848,14
7849,26
7850,9
7851,81
7852,85
7853,32
7854,63
7855,43
7856,23
7857,87
7858,73
7859,40
7860,99
7861,70
7862,8
7863,90
7864,65
7865,80
7866,41
7867,17
7868,39
7869,53
7870,66
7871,48
7872,5
7873,34
7874,89
7875,50
7876,98
7877,49
7878,40
7879,91
7880,16
7881,27
7882,33
7883,16
7884,89
7885,5
7886,76
7887,83
7888,74
7889,17
7890,24
7891,18
7892,32
7893,76
7894,33
7895,5
7896,52
7897,11
7898,72
7899,40
7900,58
7901,84
7902,6
7903,91
7904,3
7905,98
7906,75
7907,25
7908,79
7909,53
7910,23
7911,14
7912,21
7913,86
7914,75
7915,45
7916,6
7917,22
7918,33
7919,76
7920,52
7921,37
7922,90
7923,22
7924,34
7925,45
7926,55
7927,7
7928,30
7929,11
7930,1
7931,23
7932,3
7933,87
7934,5
7935,77
7936,93
7937,27
7938,39
7939,39
7940,62
7941,53
7942,54
7943,4
7944,18
7945,84
7946,66
7947,8
7948,96
7949,8
7950,88
7951,62
7952,19
7953,30
7954,73
7955,2
7956,33
7957,39
7958,3
7959,61
7960,45
7961,99
7962,58
7963,73
7964,18
7965,84
7966,4
7967,5
7968,53
7969,18
7970,23
7971,29
7972,85
7973,34
7974,93
7975,16
7976,86
7977,23
7978,95
7979,45
7980,66
7981,0
7982,69
7983,35
7984,12
7985,86
7986,92
7987,29
7988,85
7989,82
7990,91
7991,82
7992,17
7993,43
7994,90
7995,12
7996,26
7997,54
7998,28
7999,58
8000,79
8001,1
8002,1
8003,99
8004,53
8005,21
8006,33
8007,23
8008,32
8009,0
8010,1
8011,1
8012,98
8013,22
8014,19
8015,88
8016,11
8017,29
8018,56
8019,0
8020,54
8021,61
8022,20
8023,13
8024,17
8025,53
8026,89
8027,18
8028,81
8029,6
8030,96
8031,41
8032,51
8033,26
8034,25
8035,60
8036,22
8037,64
8038,4
8039,47
8040,24
8041,44
8042,78
8043,17
8044,7
8045,0
8046,87
8047,26
8048,95
8049,14
8050,56
8051,44
8052,12
8053,70
8054,31
8055,79
8056,8
8057,43
8058,39
8059,51
8060,40
8061,53
8062,98
8063,80
8064,55
8065,8
8066,57
8067,33
8068,88
8069,35
8070,6
8071,94
8072,16
8073,64
8074,22
8075,16
8076,63
8077,57
8078,35
8079,38
8080,42
8081,59
8082,58
8083,27
8084,36
8085,13
8086,91
8087,84
8088,9
8089,12
8090,98
8091,75
8092,85
8093,70
8094,59
8095,48
8096,2
8097,59
8098,79
8099,70
8100,34
8101,97
8102,99
8103,49
8104,18
8105,55
8106,70
8107,17
8108,38
8109,34
8110,61
8111,69
8112,37
8113,55
8114,24
8115,15
8116,78
8117,51
8118,33
8119,35
8120,1
8121,84
8122,22
8123,86
8124,55
8125,91
8126,13
8127,90
8128,68
8129,60
8130,84
8131,0
8132,34
8133,14
8134,32
8135,92
8136,14
8137,49
8138,98
8139,28
8140,3
8141,89
8142,39
8143,57
8144,66
8145,98
8146,50
8147,12
8148,41
8149,3
8150,34
8151,93
8152,84
8153,26
8154,74
8155,42
8156,50
8157,57
8158,54
8159,2
8160,67
8161,44
8162,66
8163,60
8164,45
8165,58
8166,82
8167,84
8168,98
8169,89
8170,28
8171,43
8172,95
8173,76
8174,60
8175,76
8176,91
8177,37
8178,2
8179,3
8180,62
8181,15
8182,91
8183,48
8184,63
8185,34
8186,33
8187,34
8188,53
8189,3
8190,28
8191,8
8192,99
8193,44
8194,96
8195,61
8196,60
8197,73
8198,61
8199,45
8200,78
8201,3
8202,49
8203,92
8204,92
8205,10
8206,55
8207,84
8208,18
8209,20
8210,4
8211,0
8212,85
8213,63
8214,18
8215,23
8216,75
8217,30
8218,81
8219,58
8220,73
8221,60
8222,21
8223,92
8224,15
8225,87
8226,40
8227,79
8228,90
8229,75
8230,73
8231,19
8232,41
8233,39
8234,99
8235,33
8236,94
8237,45
8238,91
8239,36
8240,77
8241,3
8242,75
8243,92
8244,94
8245,61
8246,15
8247,38
8248,12
8249,1
8250,0
8251,30
8252,84
8253,98
8254,29
8255,7
8256,18
8257,48
8258,89
8259,91
8260,84
8261,79
8262,62
8263,31
8264,40
8265,95
8266,30
8267,43
8268,86
8269,47
8270,59
8271,38
8272,25
8273,14
8274,28
8275,75
8276,11
8277,81
8278,22
8279,93
8280,79
8281,5
8282,88
8283,56
8284,81
8285,33
8286,84
8287,69
8288,30
8289,6
8290,68
8291,70
8292,12
8293,74
8294,7
8295,3
8296,23
8297,60
8298,5
8299,14
8300,48
8301,83
8302,0
8303,70
8304,38
8305,7
8306,24
8307,69
8308,16
8309,9
8310,42
8311,41
8312,39
8313,27
8314,0
8315,62
8316,85
8317,9
8318,43
8319,79
8320,77
8321,75
8322,74
8323,38
8324,42
8325,45
8326,8
8327,0
8328,36
8329,89
8330,43
8331,46
8332,69
8333,56
8334,42
8335,10
8336,71
8337,98
8338,64
8339,86
8340,87
8341,0
8342,21
8343,11
8344,1
8345,64
8346,47
8347,43
8348,83
8349,50
8350,68
8351,18
8352,1
8353,71
8354,96
8355,98
8356,96
8357,90
8358,2
8359,40
8360,37
8361,61
8362,31
8363,14
8364,55
8365,54
8366,38
8367,93
8368,28
8369,39
8370,18
8371,41
8372,78
8373,49
8374,62
8375,11
8376,19
8377,91
8378,82
8379,4
8380,60
8381,34
8382,56
8383,19
8384,32
8385,38
8386,39
8387,99
8388,73
8389,35
8390,8
8391,58
8392,93
8393,87
8394,35
8395,24
8396,35
8397,43
8398,52
8399,6
8400,30
8401,33
8402,8
8403,63
8404,26
8405,34
8406,39
8407,97
8408,52
8409,75
8410,33
8411,87
8412,60
8413,11
8414,16
8415,33
8416,76
8417,41
8418,97
8419,8
8420,75
8421,17
8422,38
8423,93
8424,27
8425,4
8426,41
8427,60
8428,30
8429,65
8430,21
8431,77
8432,90
8433,54
8434,87
8435,86
8436,37
8437,52
8438,75
8439,2
8440,73
8441,55
8442,54
8443,62
8444,26
8445,65
8446,28
8447,15
8448,57
8449,59
8450,69
8451,45
8452,92
8453,39
8454,42
8455,58
8456,49
8457,48
8458,18
8459,71
8460,48
8461,69
8462,9
8463,43
8464,88
8465,35
8466,71
8467,66
8468,66
8469,88
8470,82
8471,84
8472,39
8473,88
8474,93
8475,82
8476,7
8477,76
8478,56
8479,40
8480,70
8481,1
8482,68
8483,52
8484,69
8485,45
8486,16
8487,62
8488,85
8489,71
8490,99
8491,88
8492,40
8493,68
8494,36
8495,23
8496,17
8497,90
8498,25
8499,46
8500,75
8501,61
8502,70
8503,58
8504,34
8505,51
8506,75
8507,73
8508,70
8509,37
8510,28
8511,90
8512,72
8513,14
8514,68
8515,38
8516,95
8517,6
8518,9
8519,58
8520,61
8521,39
8522,56
8523,17
8524,33
8525,77
8526,63
8527,87
8528,75
8529,4
8530,16
8531,94
8532,72
8533,76
8534,60
8535,97
8536,1
8537,0
8538,75
8539,31
8540,30
8541,60
8542,75
8543,47
8544,6
8545,43
8546,14
8547,84
8548,18
8549,88
8550,1
8551,88
8552,53
8553,30
8554,5
8555,52
8556,32
8557,52
8558,40
8559,24
8560,86
8561,54
8562,54
8563,88
8564,61
8565,87
8566,54
8567,24
8568,40
8569,85
8570,17
8571,90
8572,22
8573,86
8574,77
8575,79
8576,94
8577,45
8578,0
8579,39
8580,89
8581,82
8582,41
8583,87
8584,91
8585,73
8586,55
8587,62
8588,4
8589,46
8590,10
8591,98
8592,28
8593,38
8594,27
8595,70
8596,13
8597,24
8598,15
8599,24
8600,76
8601,98
8602,42
8603,55
8604,15
8605,47
8606,47
8607,93
8608,73
8609,13
8610,26
8611,70
8612,95
8613,60
8614,70
8615,2
8616,82
8617,37
8618,34
8619,7
8620,65
8621,62
8622,51
8623,31
8624,36
8625,88
8626,47
8627,48
8628,79
8629,50
8630,55
8631,57
8632,66
8633,68
8634,64
8635,64
8636,16
8637,61
8638,16
8639,39
8640,18
8641,29
8642,74
8643,14
8644,9
8645,38
8646,74
8647,74
8648,15
8649,1
8650,93
8651,38
8652,1
8653,84
8654,69
8655,13
8656,10
8657,33
8658,23
8659,68
8660,30
8661,8
8662,3
8663,81
8664,45
8665,18
8666,55
8667,91
8668,28
8669,74
8670,5
8671,53
8672,34
8673,27
8674,93
8675,18
8676,44
8677,93
8678,85
8679,91
8680,11
8681,31
8682,69
8683,47
8684,86
8685,30
8686,85
8687,80
8688,1
8689,82
8690,45
8691,66
8692,57
8693,13
8694,31
8695,42
8696,23
8697,90
8698,18
8699,83
8700,31
8701,51
8702,80
8703,23
8704,64
8705,61
8706,9
8707,51
8708,99
8709,28
8710,19
8711,63
8712,14
8713,97
8714,78
8715,34
8716,71
8717,13
8718,50
8719,17
8720,28
8721,29
8722,10
8723,61
8724,83
8725,83
8726,53
8727,67
8728,7
8729,59
8730,82
8731,34
8732,15
8733,68
8734,68
8735,34
8736,82
8737,75
8738,37
8739,8
8740,94
8741,16
8742,24
8743,21
8744,90
8745,47
8746,53
8747,23
8748,4
8749,58
8750,27
8751,32
8752,96
8753,20
8754,29
8755,43
8756,69
8757,94
8758,26
8759,82
8760,23
8761,91
8762,43
8763,48
8764,71
8765,53
8766,5
8767,0
8768,56
8769,6
8770,69
8771,73
8772,27
8773,12
8774,29
8775,61
8776,21
8777,95
8778,88
8779,10
8780,15
8781,24
8782,1
8783,77
8784,67
8785,82
8786,25
8787,64
8788,1
8789,52
8790,79
8791,62
8792,46
8793,1
8794,59
8795,87
8796,60
8797,88
8798,76
8799,45
8800,57
8801,6
8802,1
8803,35
8804,84
8805,17
8806,50
8807,71
8808,26
8809,72
8810,60
8811,73
8812,9
8813,75
8814,5
8815,27
8816,44
8817,32
8818,38
8819,56
8820,46
8821,36
8822,40
8823,96
8824,55
8825,18
8826,85
8827,30
8828,92
8829,51
8830,79
8831,29
8832,99
8833,86
8834,15
8835,29
8836,27
8837,66
8838,62
8839,80
8840,24
8841,57
8842,43
8843,78
8844,49
8845,99
8846,95
8847,93
8848,72
8849,71
8850,77
8851,22
8852,64
8853,11
8854,3
8855,62
8856,74
8857,17
8858,35
8859,21
8860,32
8861,57
8862,61
8863,2
8864,6
8865,40
8866,82
8867,82
8868,94
8869,95
8870,81
8871,96
8872,93
8873,33
8874,67
8875,31
8876,60
8877,26
8878,63
8879,63
8880,62
8881,82
8882,36
8883,71
8884,31
8885,47
8886,75
8887,4
8888,29
8889,94
8890,27
8891,70
8892,50
8893,11
8894,9
8895,50
8896,37
8897,83
8898,36
8899,33
8900,53
8901,87
8902,95
8903,53
8904,42
8905,43
8906,89
8907,69
8908,93
8909,81
8910,84
8911,71
8912,31
8913,60
8914,73
8915,75
8916,85
8917,47
8918,97
8919,70
8920,13
8921,18
8922,11
8923,62
8924,92
8925,53
8926,11
8927,74
8928,45
8929,48
8930,94
8931,10
8932,69
8933,60
8934,85
8935,98
8936,59
8937,52
8938,99
8939,83
8940,4
8941,83
8942,89
8943,71
8944,68
8945,52
8946,46
8947,58
8948,35
8949,22
8950,62
8951,52
8952,2
8953,58
8954,77
8955,96
8956,16
8957,23
8958,13
8959,69
8960,66
8961,14
8962,51
8963,11
8964,4
8965,43
8966,58
8967,51
8968,79
8969,75
8970,81
8971,99
8972,28
8973,36
8974,57
8975,88
8976,25
8977,38
8978,71
8979,47
8980,53
8981,48
8982,79
8983,59
8984,29
8985,82
8986,90
8987,93
8988,81
8989,17
8990,14
8991,69
8992,25
8993,32
8994,39
8995,86
8996,89
8997,66
8998,67
8999,99
9000,28
9001,98
9002,88
9003,20
9004,36
9005,18
9006,71
9007,48
9008,69
9009,79
9010,86
9011,6
9012,39
9013,25
9014,19
9015,37
9016,10
9017,48
9018,35
9019,89
9020,73
9021,35
9022,38
9023,23
9024,21
9025,96
9026,11
9027,13
9028,25
9029,30
9030,13
9031,30
9032,36
9033,31
9034,83
9035,59
9036,77
9037,50
9038,41
9039,89
9040,19
9041,54
9042,74
9043,68
9044,9
9045,91
9046,67
9047,75
9048,40
9049,71
9050,51
9051,80
9052,9
9053,82
9054,3
9055,76
9056,20
9057,60
9058,42
9059,94
9060,98
9061,72
9062,18
9063,25
9064,61
9065,64
9066,4
9067,45
9068,10
9069,60
9070,14
9071,62
9072,27
9073,75
9074,16
9075,67
9076,93
9077,23
9078,33
9079,88
9080,18
9081,58
9082,0
9083,83
9084,23
9085,65
9086,56
9087,20
9088,79
9089,20
9090,30
9091,56
9092,19
9093,55
9094,35
9095,81
9096,26
9097,83
9098,56
9099,47
9100,83
9101,59
9102,10
9103,40
9104,97
9105,33
9106,23
9107,9
9108,77
9109,43
9110,15
9111,72
9112,77
9113,19
9114,95
9115,79
9116,24
9117,29
9118,4
9119,61
9120,64
9121,30
9122,39
9123,92
9124,19
9125,43
9126,33
9127,17
9128,28
9129,45
9130,16
9131,12
9132,70
9133,49
9134,63
9135,71
9136,12
9137,2
9138,77
9139,35
9140,35
9141,46
9142,15
9143,84
9144,19
9145,1
9146,70
9147,62
9148,34
9149,87
9150,30
9151,35
9152,91
9153,99
9154,33
9155,90
9156,16
9157,56
9158,21
9159,24
9160,71
9161,72
9162,19
9163,14
9164,23
9165,68
9166,45
9167,81
9168,10
9169,90
9170,21
9171,57
9172,22
9173,87
9174,82
9175,12
9176,38
9177,10
9178,93
9179,51
9180,84
9181,41
9182,64
9183,76
9184,25
9185,91
9186,94
9187,97
9188,79
9189,19
9190,76
9191,87
9192,18
9193,51
9194,1
9195,50
9196,94
9197,6
9198,45
9199,23
9200,0
9201,55
9202,91
9203,48
9204,95
9205,48
9206,16
9207,54
9208,69
9209,82
9210,68
9211,56
9212,2
9213,50
9214,81
9215,67
9216,71
9217,39
9218,50
9219,60
9220,79
9221,0
9222,73
9223,74
9224,46
9225,29
9226,2
9227,32
9228,83
9229,61
9230,69
9231,97
9232,13
9233,30
9234,27
9235,74
9236,8
9237,17
9238,42
9239,91
9240,46
9241,39
9242,69
9243,27
9244,0
9245,84
9246,27
9247,85
9248,75
9249,91
9250,44
9251,76
9252,13
9253,8
9254,92
9255,69
9256,82
9257,7
9258,73
9259,89
9260,98
9261,42
9262,39
9263,45
9264,88
9265,63
9266,15
9267,50
9268,16
9269,62
9270,94
9271,60
9272,75
9273,83
9274,62
9275,85
9276,48
9277,33
9278,11
9279,25
9280,35
9281,77
9282,75
9283,75
9284,24
9285,29
9286,72
9287,17
9288,89
9289,92
9290,19
9291,36
9292,22
9293,67
9294,83
9295,63
9296,2
9297,92
9298,37
9299,98
9300,99
9301,77
9302,56
9303,22
9304,84
9305,14
9306,71
9307,94
9308,44
9309,59
9310,41
9311,52
9312,91
9313,85
9314,43
9315,82
9316,7
9317,80
9318,42
9319,63
9320,47
9321,61
9322,1
9323,98
9324,78
9325,3
9326,93
9327,85
9328,18
9329,63
9330,57
9331,25
9332,44
9333,2
9334,94
9335,93
9336,59
9337,2
9338,54
9339,35
9340,56
9341,75
9342,52
9343,76
9344,20
9345,48
9346,97
9347,9
9348,78
9349,38
9350,5
9351,3
9352,50
9353,43
9354,84
9355,18
9356,6
9357,9
9358,72
9359,34
9360,82
9361,75
9362,15
9363,29
9364,35
9365,20
9366,95
9367,3
9368,89
9369,50
9370,78
9371,83
9372,39
9373,74
9374,86
9375,91
9376,74
9377,58
9378,36
9379,90
9380,8
9381,49
9382,65
9383,95
9384,25
9385,14
9386,58
9387,0
9388,58
9389,96
9390,1
9391,61
9392,59
9393,21
9394,60
9395,89
9396,82
9397,26
9398,80
9399,52
9400,65
9401,55
9402,32
9403,77
9404,69
9405,40
9406,42
9407,79
9408,11
9409,20
9410,38
9411,52
9412,15
9413,7
9414,65
9415,63
9416,52
9417,26
9418,29
9419,75
9420,79
9421,39
9422,30
9423,99
9424,5
9425,8
9426,85
9427,52
9428,40
9429,58
9430,54
9431,82
9432,3
9433,43
9434,93
9435,70
9436,99
9437,21
9438,17
9439,56
9440,64
9441,74
9442,51
9443,92
9444,10
9445,85
9446,78
9447,58
9448,10
9449,53
9450,74
9451,47
9452,5
9453,34
9454,81
9455,14
9456,77
9457,30
9458,66
9459,31
9460,25
9461,30
9462,46
9463,42
9464,45
9465,87
9466,63
9467,87
9468,26
9469,41
9470,70
9471,34
9472,21
9473,32
9474,90
9475,36
9476,85
9477,57
9478,87
9479,21
9480,87
9481,71
9482,53
9483,27
9484,63
9485,1
9486,8
9487,93
9488,22
9489,61
9490,88
9491,58
9492,10
9493,83
9494,91
9495,85
9496,34
9497,24
9498,67
9499,49
9500,12
9501,28
9502,74
9503,75
9504,90
9505,45
9506,87
9507,79
9508,93
9509,41
9510,47
9511,31
9512,93
9513,59
9514,60
9515,71
9516,5
9517,67
9518,81
9519,98
9520,54
9521,32
9522,15
9523,21
9524,1
9525,88
9526,21
9527,77
9528,95
9529,91
9530,12
9531,15
9532,82
9533,22
9534,16
9535,75
9536,25
9537,1
9538,42
9539,29
9540,73
9541,27
9542,81
9543,63
9544,53
9545,23
9546,81
9547,86
9548,78
9549,71
9550,28
9551,75
9552,98
9553,62
9554,79
9555,16
9556,8
9557,7
9558,22
9559,81
9560,87
9561,10
9562,65
9563,62
9564,49
9565,70
9566,57
9567,7
9568,99
9569,61
9570,91
9571,23
9572,13
9573,80
9574,6
9575,42
9576,76
9577,30
9578,95
9579,35
9580,94
9581,41
9582,36
9583,52
9584,12
9585,43
9586,86
9587,97
9588,53
9589,50
9590,34
9591,30
9592,61
9593,20
9594,22
9595,57
9596,25
9597,79
9598,76
9599,68
9600,20
9601,49
9602,67
9603,87
9604,16
9605,41
9606,65
9607,55
9608,25
9609,54
9610,92
9611,15
9612,42
9613,6
9614,37
9615,8
9616,2
9617,5
9618,45
9619,5
9620,69
9621,56
9622,99
9623,30
9624,78
9625,2
9626,76
9627,36
9628,30
9629,53
9630,91
9631,68
9632,65
9633,92
9634,23
9635,35
9636,95
9637,40
9638,71
9639,62
9640,11
9641,23
9642,78
9643,81
9644,67
9645,0
9646,8
9647,15
9648,4
9649,80
9650,27
9651,60
9652,7
9653,54
9654,48
9655,16
9656,57
9657,94
9658,30
9659,92
9660,43
9661,92
9662,58
9663,19
9664,23
9665,38
9666,40
9667,96
9668,95
9669,41
9670,99
9671,86
9672,53
9673,89
9674,11
9675,52
9676,58
9677,54
9678,85
9679,74
9680,22
9681,82
9682,72
9683,69
9684,43
9685,81
9686,34
9687,47
9688,52
9689,69
9690,53
9691,45
9692,8
9693,92
9694,3
9695,81
9696,40
9697,28
9698,53
9699,68
9700,59
9701,4
9702,33
9703,62
9704,89
9705,44
9706,71
9707,55
9708,89
9709,35
9710,78
9711,82
9712,91
9713,31
9714,91
9715,47
9716,9
9717,73
9718,69
9719,36
9720,24
9721,60
9722,95
9723,37
9724,61
9725,83
9726,69
9727,98
9728,82
9729,76
9730,79
9731,10
9732,13
9733,35
9734,94
9735,24
9736,39
9737,1
9738,33
9739,33
9740,99
9741,79
9742,39
9743,15
9744,99
9745,3
9746,41
9747,66
9748,80
9749,27
9750,45
9751,55
9752,32
9753,5
9754,45
9755,9
9756,44
9757,33
9758,55
9759,40
9760,7
9761,47
9762,65
9763,11
9764,38
9765,23
9766,39
9767,25
9768,97
9769,71
9770,87
9771,52
9772,42
9773,56
9774,98
9775,82
9776,41
9777,29
9778,51
9779,79
9780,34
9781,18
9782,95
9783,64
9784,78
9785,96
9786,49
9787,64
9788,11
9789,36
9790,97
9791,40
9792,18
9793,49
9794,62
9795,10
9796,56
9797,4
9798,18
9799,81
9800,91
9801,5
9802,87
9803,3
9804,50
9805,97
9806,86
9807,58
9808,17
9809,12
9810,80
9811,55
9812,79
9813,32
9814,40
9815,13
9816,35
9817,59
9818,21
9819,76
9820,26
9821,59
9822,49
9823,30
9824,33
9825,80
9826,51
9827,72
9828,87
9829,38
9830,63
9831,53
9832,35
9833,48
9834,24
9835,13
9836,31
9837,55
9838,84
9839,11
9840,61
9841,24
9842,34
9843,98
9844,45
9845,99
9846,27
9847,51
9848,91
9849,0
9850,3
9851,50
9852,57
9853,24
9854,60
9855,81
9856,86
9857,9
9858,46
9859,1
9860,99
9861,77
9862,57
9863,62
9864,2
9865,70
9866,69
9867,69
9868,91
9869,79
9870,93
9871,58
9872,0
9873,20
9874,6
9875,85
9876,82
9877,79
9878,58
9879,95
9880,58
9881,75
9882,85
9883,18
9884,62
9885,44
9886,97
9887,11
9888,53
9889,37
9890,73
9891,28
9892,28
9893,74
9894,24
9895,31
9896,95
9897,62
9898,2
9899,36
9900,52
9901,99
9902,55
9903,85
9904,0
9905,23
9906,64
9907,82
9908,62
9909,31
9910,86
9911,0
9912,72
9913,73
9914,42
9915,44
9916,84
9917,85
9918,90
9919,69
9920,82
9921,21
9922,89
9923,68
9924,68
9925,76
9926,31
9927,58
9928,8
9929,90
9930,13
9931,30
9932,78
9933,88
9934,33
9935,99
9936,27
9937,12
9938,92
9939,8
9940,82
9941,78
9942,66
9943,62
9944,50
9945,4
9946,90
9947,29
9948,97
9949,77
9950,56
9951,27
9952,79
9953,72
9954,95
9955,54
9956,53
9957,45
9958,16
9959,73
9960,29
9961,33
9962,7
9963,86
9964,19
9965,97
9966,4
9967,9
9968,57
9969,89
9970,18
9971,25
9972,26
9973,49
9974,11
9975,14
9976,80
9977,83
9978,21
9979,27
9980,30
9981,52
9982,74
9983,29
9984,59
9985,90
9986,14
9987,77
9988,3
9989,7
9990,75
9991,27
9992,16
9993,30
9994,35
9995,83
9996,63
9997,51
9998,42
9999,70
