ID,target
0,68
1,33
2,4
3,51
4,71
5,7
6,27
7,7
8,71
9,57
10,33
11,75
12,81
13,69
14,40
15,43
16,92
17,97
18,70
19,53
20,70
21,49
22,75
23,45
24,21
25,16
26,39
27,8
28,16
29,84
30,20
31,61
32,41
33,73
34,56
35,44
36,58
37,35
38,25
39,37
40,63
41,24
42,49
43,30
44,56
45,22
46,41
47,58
48,51
49,76
50,4
51,6
52,9
53,57
54,2
55,32
56,71
57,52
58,42
59,69
60,77
61,32
62,31
63,38
64,10
65,2
66,43
67,82
68,63
69,92
70,66
71,68
72,22
73,91
74,67
75,32
76,82
77,16
78,77
79,61
80,71
81,78
82,54
83,6
84,29
85,89
86,78
87,59
88,2
89,73
90,22
91,18
92,27
93,21
94,13
95,21
96,50
97,7
98,37
99,98
100,26
101,83
102,96
103,86
104,43
105,69
106,76
107,17
108,57
109,59
110,25
111,20
112,27
113,0
114,9
115,71
116,48
117,43
118,0
119,56
120,85
121,10
122,19
123,92
124,33
125,20
126,21
127,42
128,70
129,11
130,46
131,16
132,1
133,74
134,80
135,91
136,60
137,97
138,52
139,23
140,74
141,11
142,52
143,55
144,24
145,95
146,58
147,39
148,51
149,58
150,58
151,77
152,37
153,60
154,45
155,66
156,58
157,20
158,24
159,80
160,36
161,8
162,86
163,10
164,64
165,47
166,54
167,99
168,51
169,83
170,9
171,45
172,4
173,83
174,95
175,83
176,74
177,73
178,18
179,40
180,39
181,74
182,22
183,50
184,16
185,28
186,40
187,95
188,98
189,83
190,12
191,24
192,45
193,13
194,94
195,24
196,58
197,63
198,7
199,87
200,6
201,78
202,68
203,60
204,6
205,23
206,44
207,31
208,80
209,78
210,73
211,11
212,49
213,90
214,97
215,33
216,2
217,95
218,16
219,81
220,94
221,59
222,68
223,77
224,12
225,44
226,0
227,39
228,79
229,71
230,89
231,57
232,59
233,24
234,64
235,22
236,32
237,36
238,82
239,31
240,23
241,24
242,34
243,66
244,11
245,53
246,80
247,44
248,4
249,39
250,91
251,16
252,64
253,68
254,50
255,97
256,8
257,19
258,6
259,42
260,80
261,76
262,89
263,55
264,19
265,91
266,62
267,1
268,44
269,62
270,99
271,51
272,96
273,57
274,42
275,18
276,67
277,50
278,40
279,62
280,78
281,84
282,28
283,89
284,30
285,66
286,18
287,66
288,42
289,92
290,27
291,21
292,86
293,44
294,96
295,12
296,16
297,67
298,34
299,41
300,96
301,41
302,40
303,24
304,39
305,18
306,76
307,31
308,18
309,28
310,54
311,18
312,41
313,51
314,80
315,15
316,67
317,15
318,61
319,8
320,17
321,89
322,32
323,67
324,81
325,2
326,54
327,91
328,94
329,6
330,71
331,36
332,61
333,62
334,5
335,60
336,67
337,91
338,97
339,75
340,9
341,1
342,68
343,62
344,99
345,66
346,21
347,24
348,10
349,25
350,68
351,80
352,49
353,13
354,48
355,40
356,63
357,14
358,35
359,64
360,64
361,39
362,33
363,94
364,63
365,10
366,26
367,54
368,68
369,38
370,90
371,33
372,28
373,29
374,81
375,86
376,7
377,0
378,94
379,35
380,26
381,6
382,41
383,80
384,69
385,74
386,29
387,67
388,85
389,65
390,40
391,57
392,6
393,30
394,50
395,27
396,3
397,49
398,47
399,99
400,40
401,93
402,42
403,80
404,14
405,57
406,72
407,16
408,98
409,79
410,40
411,47
412,71
413,72
414,46
415,66
416,65
417,8
418,53
419,96
420,4
421,31
422,42
423,96
424,68
425,42
426,77
427,10
428,63
429,46
430,44
431,98
432,77
433,51
434,2
435,19
436,15
437,67
438,36
439,10
440,16
441,5
442,81
443,85
444,6
445,85
446,65
447,22
448,29
449,59
450,22
451,9
452,10
453,18
454,32
455,9
456,26
457,27
458,24
459,5
460,13
461,87
462,76
463,2
464,92
465,38
466,33
467,17
468,6
469,0
470,79
471,97
472,79
473,14
474,93
475,54
476,85
477,42
478,4
479,25
480,37
481,75
482,63
483,41
484,0
485,99
486,6
487,87
488,93
489,21
490,97
491,25
492,49
493,21
494,74
495,69
496,36
497,80
498,89
499,71
500,3
501,65
502,90
503,11
504,21
505,41
506,63
507,58
508,47
509,93
510,68
511,11
512,36
513,93
514,54
515,53
516,73
517,36
518,83
519,54
520,64
521,32
522,65
523,12
524,62
525,46
526,95
527,6
528,39
529,77
530,15
531,63
532,8
533,18
534,35
535,18
536,76
537,19
538,99
539,53
540,4
541,77
542,2
543,27
544,67
545,93
546,16
547,97
548,71
549,7
550,96
551,11
552,30
553,72
554,8
555,42
556,62
557,56
558,72
559,47
560,27
561,43
562,20
563,45
564,3
565,49
566,61
567,26
568,45
569,36
570,36
571,68
572,48
573,2
574,26
575,76
576,97
577,38
578,58
579,96
580,38
581,87
582,82
583,22
584,0
585,41
586,54
587,33
588,10
589,2
590,27
591,81
592,91
593,56
594,9
595,24
596,3
597,30
598,1
599,39
600,98
601,30
602,83
603,33
604,43
605,84
606,66
607,4
608,80
609,77
610,98
611,82
612,13
613,20
614,0
615,48
616,35
617,33
618,22
619,58
620,17
621,39
622,76
623,0
624,17
625,64
626,48
627,90
628,93
629,82
630,75
631,33
632,97
633,3
634,92
635,60
636,61
637,32
638,26
639,44
640,41
641,12
642,85
643,39
644,8
645,82
646,4
647,94
648,74
649,22
650,15
651,66
652,89
653,97
654,34
655,0
656,19
657,5
658,56
659,36
660,45
661,1
662,94
663,4
664,87
665,82
666,17
667,64
668,99
669,34
670,30
671,73
672,83
673,77
674,1
675,28
676,77
677,91
678,42
679,68
680,14
681,14
682,1
683,92
684,97
685,45
686,18
687,21
688,37
689,32
690,30
691,88
692,86
693,62
694,14
695,10
696,38
697,25
698,93
699,78
700,77
701,42
702,42
703,10
704,65
705,26
706,31
707,85
708,78
709,30
710,32
711,81
712,97
713,1
714,82
715,0
716,3
717,31
718,56
719,57
720,64
721,76
722,60
723,75
724,11
725,1
726,61
727,75
728,62
729,21
730,22
731,78
732,90
733,68
734,94
735,88
736,95
737,3
738,83
739,32
740,67
741,77
742,38
743,63
744,61
745,41
746,88
747,83
748,2
749,82
750,50
751,15
752,48
753,25
754,4
755,71
756,8
757,98
758,67
759,7
760,85
761,25
762,96
763,60
764,4
765,80
766,13
767,90
768,54
769,15
770,76
771,39
772,95
773,24
774,7
775,64
776,70
777,88
778,37
779,0
780,12
781,64
782,26
783,79
784,86
785,60
786,22
787,80
788,82
789,14
790,48
791,33
792,4
793,53
794,9
795,1
796,13
797,94
798,70
799,27
800,40
801,23
802,46
803,58
804,99
805,78
806,61
807,53
808,37
809,97
810,36
811,15
812,77
813,52
814,63
815,32
816,6
817,36
818,6
819,7
820,37
821,43
822,13
823,22
824,95
825,54
826,92
827,79
828,57
829,86
830,11
831,62
832,27
833,19
834,26
835,76
836,96
837,71
838,13
839,39
840,5
841,47
842,98
843,19
844,52
845,38
846,32
847,53
848,53
849,21
850,98
851,6
852,88
853,71
854,64
855,46
856,55
857,1
858,24
859,93
860,44
861,96
862,16
863,33
864,9
865,28
866,35
867,68
868,24
869,47
870,25
871,47
872,63
873,53
874,10
875,51
876,41
877,77
878,54
879,84
880,20
881,29
882,76
883,43
884,92
885,26
886,44
887,2
888,33
889,69
890,36
891,18
892,90
893,66
894,47
895,37
896,99
897,97
898,12
899,65
900,15
901,85
902,15
903,86
904,96
905,99
906,80
907,28
908,99
909,51
910,27
911,39
912,8
913,56
914,52
915,64
916,21
917,77
918,45
919,3
920,64
921,89
922,37
923,48
924,59
925,56
926,65
927,52
928,14
929,52
930,2
931,60
932,9
933,68
934,22
935,23
936,38
937,31
938,54
939,97
940,60
941,54
942,62
943,56
944,23
945,42
946,81
947,66
948,87
949,47
950,96
951,91
952,42
953,51
954,10
955,2
956,71
957,13
958,30
959,34
960,80
961,47
962,55
963,51
964,6
965,3
966,76
967,47
968,53
969,34
970,60
971,63
972,28
973,24
974,65
975,69
976,82
977,90
978,70
979,13
980,77
981,43
982,43
983,99
984,81
985,80
986,66
987,35
988,84
989,21
990,49
991,33
992,15
993,37
994,35
995,89
996,36
997,9
998,53
999,91
1000,80
1001,23
1002,94
1003,40
1004,55
1005,90
1006,39
1007,91
1008,30
1009,92
1010,25
1011,68
1012,98
1013,29
1014,0
1015,9
1016,37
1017,1
1018,50
1019,90
1020,27
1021,52
1022,4
1023,8
1024,71
1025,12
1026,97
1027,0
1028,3
1029,41
1030,21
1031,16
1032,51
1033,66
1034,81
1035,63
1036,81
1037,91
1038,95
1039,30
1040,59
1041,10
1042,6
1043,8
1044,6
1045,9
1046,44
1047,11
1048,78
1049,1
1050,16
1051,17
1052,39
1053,67
1054,20
1055,3
1056,81
1057,26
1058,96
1059,45
1060,19
1061,4
1062,57
1063,59
1064,49
1065,36
1066,23
1067,63
1068,27
1069,19
1070,41
1071,55
1072,6
1073,20
1074,49
1075,28
1076,20
1077,33
1078,7
1079,45
1080,7
1081,89
1082,1
1083,90
1084,63
1085,80
1086,23
1087,93
1088,96
1089,52
1090,29
1091,29
1092,74
1093,93
1094,48
1095,70
1096,48
1097,82
1098,84
1099,81
1100,55
1101,38
1102,4
1103,63
1104,76
1105,27
1106,54
1107,60
1108,1
1109,49
1110,1
1111,92
1112,44
1113,95
1114,98
1115,92
1116,16
1117,26
1118,40
1119,25
1120,21
1121,25
1122,82
1123,80
1124,19
1125,89
1126,35
1127,10
1128,81
1129,69
1130,9
1131,91
1132,96
1133,34
1134,23
1135,9
1136,0
1137,83
1138,62
1139,26
1140,65
1141,31
1142,25
1143,13
1144,52
1145,13
1146,65
1147,32
1148,37
1149,74
1150,22
1151,19
1152,2
1153,49
1154,50
1155,58
1156,79
1157,62
1158,52
1159,53
1160,41
1161,96
1162,8
1163,60
1164,67
1165,10
1166,95
1167,24
1168,46
1169,98
1170,3
1171,92
1172,90
1173,2
1174,52
1175,51
1176,21
1177,18
1178,60
1179,63
1180,95
1181,89
1182,14
1183,63
1184,15
1185,49
1186,63
1187,85
1188,37
1189,38
1190,66
1191,99
1192,55
1193,53
1194,12
1195,93
1196,51
1197,21
1198,47
1199,21
1200,4
1201,77
1202,4
1203,50
1204,57
1205,69
1206,5
1207,29
1208,41
1209,14
1210,41
1211,77
1212,58
1213,60
1214,26
1215,88
1216,19
1217,19
1218,48
1219,5
1220,81
1221,69
1222,77
1223,60
1224,88
1225,92
1226,31
1227,34
1228,36
1229,30
1230,3
1231,82
1232,88
1233,7
1234,38
1235,57
1236,54
1237,23
1238,46
1239,41
1240,75
1241,90
1242,76
1243,28
1244,7
1245,6
1246,84
1247,76
1248,88
1249,28
1250,98
1251,96
1252,93
1253,64
1254,45
1255,54
1256,26
1257,99
1258,70
1259,46
1260,89
1261,89
1262,64
1263,42
1264,39
1265,53
1266,50
1267,50
1268,56
1269,84
1270,46
1271,13
1272,33
1273,51
1274,5
1275,56
1276,68
1277,78
1278,92
1279,93
1280,72
1281,33
1282,81
1283,50
1284,81
1285,67
1286,41
1287,11
1288,99
1289,41
1290,26
1291,90
1292,59
1293,59
1294,2
1295,16
1296,17
1297,64
1298,90
1299,96
1300,34
1301,43
1302,3
1303,45
1304,0
1305,68
1306,33
1307,49
1308,0
1309,18
1310,53
1311,76
1312,4
1313,74
1314,5
1315,11
1316,6
1317,70
1318,9
1319,69
1320,34
1321,48
1322,71
1323,37
1324,42
1325,79
1326,91
1327,58
1328,78
1329,37
1330,1
1331,5
1332,80
1333,5
1334,15
1335,47
1336,38
1337,63
1338,10
1339,28
1340,99
1341,20
1342,88
1343,50
1344,53
1345,97
1346,59
1347,78
1348,35
1349,44
1350,6
1351,35
1352,49
1353,22
1354,23
1355,68
1356,26
1357,52
1358,17
1359,65
1360,47
1361,12
1362,94
1363,81
1364,76
1365,91
1366,72
1367,11
1368,18
1369,47
1370,92
1371,46
1372,19
1373,0
1374,43
1375,50
1376,43
1377,72
1378,73
1379,4
1380,53
1381,85
1382,84
1383,25
1384,59
1385,29
1386,27
1387,33
1388,80
1389,5
1390,5
1391,41
1392,81
1393,23
1394,68
1395,52
1396,81
1397,43
1398,8
1399,11
1400,18
1401,92
1402,5
1403,34
1404,48
1405,80
1406,25
1407,15
1408,8
1409,88
1410,78
1411,74
1412,76
1413,50
1414,95
1415,94
1416,83
1417,52
1418,16
1419,16
1420,99
1421,68
1422,28
1423,31
1424,47
1425,80
1426,57
1427,13
1428,22
1429,46
1430,56
1431,50
1432,38
1433,97
1434,20
1435,87
1436,91
1437,32
1438,9
1439,88
1440,19
1441,57
1442,78
1443,91
1444,46
1445,13
1446,44
1447,24
1448,10
1449,25
1450,4
1451,56
1452,29
1453,74
1454,77
1455,78
1456,62
1457,53
1458,17
1459,28
1460,10
1461,11
1462,65
1463,48
1464,13
1465,71
1466,30
1467,66
1468,98
1469,8
1470,94
1471,25
1472,70
1473,54
1474,12
1475,86
1476,3
1477,76
1478,13
1479,11
1480,7
1481,91
1482,55
1483,45
1484,51
1485,53
1486,28
1487,9
1488,87
1489,13
1490,30
1491,58
1492,78
1493,32
1494,92
1495,39
1496,32
1497,96
1498,80
1499,26
1500,74
1501,59
1502,64
1503,37
1504,92
1505,14
1506,26
1507,12
1508,94
1509,15
1510,15
1511,84
1512,24
1513,32
1514,9
1515,15
1516,12
1517,44
1518,83
1519,69
1520,3
1521,35
1522,69
1523,66
1524,3
1525,20
1526,54
1527,6
1528,86
1529,84
1530,66
1531,74
1532,6
1533,14
1534,69
1535,47
1536,62
1537,57
1538,89
1539,30
1540,16
1541,2
1542,10
1543,3
1544,59
1545,90
1546,39
1547,79
1548,25
1549,7
1550,9
1551,49
1552,17
1553,76
1554,71
1555,74
1556,63
1557,28
1558,56
1559,97
1560,78
1561,98
1562,9
1563,17
1564,31
1565,52
1566,96
1567,36
1568,58
1569,79
1570,42
1571,78
1572,15
1573,15
1574,18
1575,56
1576,3
1577,30
1578,57
1579,5
1580,49
1581,84
1582,52
1583,79
1584,64
1585,14
1586,87
1587,97
1588,3
1589,83
1590,19
1591,64
1592,61
1593,33
1594,16
1595,76
1596,96
1597,87
1598,92
1599,39
1600,60
1601,59
1602,74
1603,34
1604,68
1605,18
1606,23
1607,42
1608,47
1609,2
1610,20
1611,80
1612,24
1613,17
1614,18
1615,93
1616,13
1617,17
1618,32
1619,21
1620,42
1621,21
1622,11
1623,77
1624,21
1625,61
1626,80
1627,41
1628,9
1629,40
1630,54
1631,54
1632,65
1633,84
1634,4
1635,45
1636,96
1637,92
1638,71
1639,17
1640,96
1641,94
1642,39
1643,66
1644,79
1645,34
1646,26
1647,33
1648,39
1649,39
1650,53
1651,88
1652,20
1653,47
1654,50
1655,25
1656,32
1657,25
1658,61
1659,56
1660,68
1661,27
1662,13
1663,92
1664,12
1665,46
1666,76
1667,67
1668,27
1669,2
1670,27
1671,48
1672,3
1673,21
1674,20
1675,8
1676,77
1677,57
1678,63
1679,7
1680,10
1681,47
1682,98
1683,52
1684,90
1685,69
1686,78
1687,27
1688,78
1689,12
1690,61
1691,5
1692,44
1693,86
1694,85
1695,33
1696,61
1697,30
1698,34
1699,24
1700,56
1701,16
1702,62
1703,38
1704,44
1705,44
1706,53
1707,7
1708,38
1709,17
1710,40
1711,44
1712,45
1713,82
1714,10
1715,21
1716,30
1717,43
1718,52
1719,57
1720,16
1721,81
1722,30
1723,72
1724,47
1725,34
1726,62
1727,72
1728,18
1729,61
1730,2
1731,50
1732,21
1733,87
1734,5
1735,69
1736,37
1737,59
1738,0
1739,44
1740,25
1741,85
1742,54
1743,53
1744,93
1745,69
1746,21
1747,98
1748,49
1749,33
1750,30
1751,99
1752,66
1753,89
1754,72
1755,54
1756,90
1757,77
1758,46
1759,1
1760,51
1761,28
1762,44
1763,96
1764,54
1765,83
1766,40
1767,14
1768,32
1769,27
1770,12
1771,42
1772,44
1773,29
1774,59
1775,8
1776,17
1777,56
1778,35
1779,34
1780,1
1781,82
1782,51
1783,34
1784,86
1785,52
1786,86
1787,93
1788,38
1789,20
1790,19
1791,57
1792,5
1793,91
1794,34
1795,65
1796,64
1797,90
1798,70
1799,34
1800,11
1801,27
1802,68
1803,52
1804,6
1805,79
1806,22
1807,22
1808,86
1809,10
1810,1
1811,75
1812,48
1813,5
1814,81
1815,57
1816,99
1817,17
1818,82
1819,76
1820,74
1821,70
1822,65
1823,77
1824,70
1825,12
1826,91
1827,53
1828,95
1829,48
1830,52
1831,95
1832,49
1833,2
1834,3
1835,17
1836,38
1837,94
1838,55
1839,87
1840,49
1841,63
1842,57
1843,97
1844,67
1845,28
1846,16
1847,26
1848,46
1849,31
1850,25
1851,2
1852,95
1853,21
1854,53
1855,59
1856,56
1857,28
1858,17
1859,53
1860,71
1861,7
1862,94
1863,53
1864,89
1865,77
1866,28
1867,0
1868,31
1869,79
1870,53
1871,87
1872,43
1873,17
1874,69
1875,22
1876,17
1877,6
1878,53
1879,68
1880,44
1881,89
1882,43
1883,80
1884,45
1885,30
1886,37
1887,65
1888,28
1889,25
1890,23
1891,52
1892,24
1893,21
1894,99
1895,99
1896,15
1897,21
1898,59
1899,9
1900,37
1901,88
1902,93
1903,61
1904,17
1905,44
1906,33
1907,81
1908,78
1909,94
1910,40
1911,60
1912,27
1913,58
1914,4
1915,88
1916,44
1917,6
1918,36
1919,26
1920,74
1921,88
1922,56
1923,3
1924,65
1925,0
1926,43
1927,87
1928,47
1929,30
1930,69
1931,69
1932,9
1933,78
1934,4
1935,69
1936,11
1937,97
1938,29
1939,18
1940,64
1941,98
1942,65
1943,36
1944,87
1945,84
1946,93
1947,20
1948,36
1949,74
1950,76
1951,19
1952,63
1953,6
1954,55
1955,99
1956,93
1957,21
1958,38
1959,83
1960,67
1961,31
1962,49
1963,39
1964,97
1965,66
1966,53
1967,54
1968,41
1969,36
1970,10
1971,88
1972,30
1973,90
1974,30
1975,41
1976,37
1977,75
1978,46
1979,14
1980,37
1981,31
1982,22
1983,2
1984,78
1985,13
1986,67
1987,51
1988,95
1989,2
1990,38
1991,98
1992,40
1993,45
1994,42
1995,7
1996,88
1997,61
1998,12
1999,8
2000,92
2001,41
2002,51
2003,65
2004,17
2005,51
2006,99
2007,11
2008,67
2009,63
2010,63
2011,9
2012,58
2013,96
2014,77
2015,1
2016,36
2017,53
2018,92
2019,13
2020,98
2021,21
2022,35
2023,39
2024,49
2025,81
2026,35
2027,21
2028,77
2029,89
2030,95
2031,85
2032,52
2033,48
2034,98
2035,80
2036,72
2037,39
2038,82
2039,43
2040,12
2041,21
2042,18
2043,82
2044,5
2045,5
2046,63
2047,78
2048,4
2049,40
2050,80
2051,43
2052,97
2053,49
2054,30
2055,39
2056,18
2057,86
2058,53
2059,72
2060,12
2061,57
2062,5
2063,17
2064,97
2065,37
2066,48
2067,79
2068,5
2069,0
2070,16
2071,89
2072,48
2073,54
2074,79
2075,67
2076,10
2077,0
2078,19
2079,14
2080,29
2081,20
2082,48
2083,36
2084,63
2085,95
2086,20
2087,59
2088,0
2089,51
2090,4
2091,71
2092,31
2093,7
2094,78
2095,92
2096,87
2097,91
2098,16
2099,86
2100,58
2101,89
2102,97
2103,83
2104,44
2105,85
2106,10
2107,75
2108,20
2109,10
2110,33
2111,49
2112,63
2113,91
2114,56
2115,92
2116,19
2117,97
2118,28
2119,31
2120,41
2121,81
2122,90
2123,89
2124,86
2125,22
2126,41
2127,65
2128,27
2129,87
2130,21
2131,3
2132,36
2133,90
2134,94
2135,71
2136,66
2137,62
2138,95
2139,68
2140,38
2141,95
2142,41
2143,7
2144,89
2145,15
2146,81
2147,8
2148,48
2149,30
2150,52
2151,79
2152,25
2153,68
2154,16
2155,78
2156,11
2157,31
2158,38
2159,52
2160,43
2161,20
2162,98
2163,24
2164,49
2165,49
2166,32
2167,46
2168,45
2169,39
2170,35
2171,89
2172,78
2173,27
2174,26
2175,53
2176,10
2177,41
2178,12
2179,11
2180,4
2181,39
2182,19
2183,56
2184,63
2185,56
2186,67
2187,46
2188,4
2189,22
2190,6
2191,59
2192,14
2193,87
2194,26
2195,87
2196,49
2197,91
2198,37
2199,53
2200,51
2201,7
2202,99
2203,58
2204,84
2205,97
2206,80
2207,39
2208,73
2209,62
2210,14
2211,42
2212,86
2213,10
2214,90
2215,78
2216,24
2217,84
2218,69
2219,97
2220,34
2221,4
2222,26
2223,22
2224,97
2225,67
2226,67
2227,85
2228,46
2229,6
2230,35
2231,29
2232,51
2233,59
2234,62
2235,60
2236,68
2237,44
2238,83
2239,57
2240,41
2241,90
2242,48
2243,82
2244,67
2245,10
2246,28
2247,71
2248,79
2249,43
2250,17
2251,5
2252,17
2253,7
2254,84
2255,57
2256,18
2257,57
2258,68
2259,26
2260,59
2261,55
2262,87
2263,10
2264,15
2265,66
2266,65
2267,15
2268,75
2269,20
2270,47
2271,0
2272,14
2273,12
2274,62
2275,95
2276,63
2277,69
2278,55
2279,73
2280,30
2281,38
2282,59
2283,47
2284,76
2285,37
2286,60
2287,21
2288,96
2289,68
2290,16
2291,19
2292,40
2293,70
2294,61
2295,10
2296,57
2297,81
2298,68
2299,33
2300,28
2301,15
2302,61
2303,47
2304,76
2305,11
2306,72
2307,23
2308,44
2309,14
2310,31
2311,73
2312,80
2313,54
2314,9
2315,15
2316,2
2317,45
2318,51
2319,32
2320,12
2321,58
2322,67
2323,76
2324,95
2325,67
2326,95
2327,45
2328,70
2329,47
2330,5
2331,29
2332,51
2333,44
2334,83
2335,60
2336,34
2337,97
2338,1
2339,93
2340,97
2341,38
2342,54
2343,92
2344,27
2345,80
2346,95
2347,44
2348,84
2349,34
2350,76
2351,5
2352,65
2353,30
2354,69
2355,59
2356,34
2357,77
2358,46
2359,66
2360,31
2361,73
2362,87
2363,90
2364,18
2365,97
2366,38
2367,13
2368,25
2369,90
2370,64
2371,70
2372,37
2373,76
2374,31
2375,0
2376,81
2377,1
2378,5
2379,37
2380,41
2381,36
2382,5
2383,52
2384,4
2385,25
2386,98
2387,61
2388,98
2389,20
2390,32
2391,35
2392,25
2393,55
2394,61
2395,43
2396,58
2397,36
2398,99
2399,60
2400,70
2401,44
2402,96
2403,5
2404,56
2405,8
2406,83
2407,23
2408,52
2409,32
2410,54
2411,33
2412,61
2413,49
2414,53
2415,15
2416,50
2417,3
2418,12
2419,86
2420,80
2421,58
2422,5
2423,95
2424,64
2425,70
2426,0
2427,11
2428,25
2429,33
2430,53
2431,33
2432,94
2433,46
2434,99
2435,34
2436,1
2437,17
2438,74
2439,71
2440,66
2441,37
2442,67
2443,40
2444,67
2445,24
2446,82
2447,23
2448,30
2449,66
2450,49
2451,11
2452,11
2453,94
2454,88
2455,66
2456,4
2457,46
2458,95
2459,54
2460,41
2461,6
2462,19
2463,22
2464,3
2465,91
2466,15
2467,53
2468,3
2469,82
2470,20
2471,63
2472,12
2473,50
2474,23
2475,10
2476,75
2477,8
2478,33
2479,66
2480,4
2481,55
2482,91
2483,84
2484,58
2485,59
2486,38
2487,22
2488,0
2489,19
2490,64
2491,23
2492,85
2493,68
2494,86
2495,37
2496,81
2497,35
2498,22
2499,8
2500,23
2501,76
2502,74
2503,89
2504,60
2505,69
2506,52
2507,32
2508,29
2509,65
2510,9
2511,16
2512,0
2513,50
2514,17
2515,6
2516,62
2517,6
2518,34
2519,64
2520,8
2521,46
2522,67
2523,53
2524,17
2525,78
2526,10
2527,26
2528,27
2529,25
2530,62
2531,96
2532,67
2533,22
2534,26
2535,50
2536,96
2537,79
2538,23
2539,76
2540,45
2541,57
2542,25
2543,64
2544,34
2545,82
2546,66
2547,83
2548,27
2549,71
2550,9
2551,60
2552,2
2553,43
2554,29
2555,80
2556,58
2557,94
2558,5
2559,83
2560,92
2561,26
2562,39
2563,86
2564,93
2565,16
2566,85
2567,27
2568,76
2569,85
2570,42
2571,18
2572,14
2573,4
2574,67
2575,23
2576,20
2577,20
2578,16
2579,51
2580,88
2581,5
2582,25
2583,67
2584,59
2585,77
2586,22
2587,3
2588,68
2589,28
2590,44
2591,13
2592,73
2593,98
2594,52
2595,55
2596,99
2597,49
2598,31
2599,50
2600,87
2601,44
2602,85
2603,58
2604,57
2605,45
2606,94
2607,5
2608,11
2609,81
2610,32
2611,67
2612,96
2613,69
2614,77
2615,55
2616,75
2617,31
2618,97
2619,34
2620,40
2621,71
2622,29
2623,64
2624,89
2625,44
2626,67
2627,39
2628,52
2629,59
2630,29
2631,96
2632,10
2633,36
2634,64
2635,21
2636,13
2637,37
2638,46
2639,85
2640,36
2641,50
2642,78
2643,6
2644,30
2645,70
2646,74
2647,42
2648,0
2649,41
2650,39
2651,87
2652,65
2653,78
2654,47
2655,95
2656,10
2657,21
2658,63
2659,4
2660,69
2661,20
2662,85
2663,82
2664,23
2665,13
2666,92
2667,35
2668,84
2669,75
2670,21
2671,4
2672,52
2673,55
2674,61
2675,29
2676,57
2677,50
2678,42
2679,33
2680,91
2681,88
2682,22
2683,49
2684,20
2685,11
2686,16
2687,26
2688,91
2689,88
2690,85
2691,28
2692,27
2693,83
2694,54
2695,65
2696,69
2697,77
2698,13
2699,56
2700,76
2701,37
2702,21
2703,3
2704,80
2705,46
2706,75
2707,90
2708,26
2709,60
2710,49
2711,50
2712,19
2713,11
2714,78
2715,94
2716,16
2717,25
2718,2
2719,13
2720,4
2721,65
2722,47
2723,99
2724,90
2725,30
2726,44
2727,7
2728,89
2729,39
2730,40
2731,69
2732,72
2733,34
2734,47
2735,60
2736,78
2737,36
2738,75
2739,36
2740,82
2741,88
2742,34
2743,36
2744,81
2745,15
2746,50
2747,2
2748,52
2749,68
2750,39
2751,6
2752,53
2753,56
2754,63
2755,46
2756,34
2757,57
2758,74
2759,29
2760,43
2761,55
2762,87
2763,26
2764,63
2765,25
2766,79
2767,89
2768,38
2769,27
2770,59
2771,5
2772,95
2773,32
2774,15
2775,24
2776,77
2777,2
2778,88
2779,49
2780,11
2781,19
2782,62
2783,7
2784,6
2785,61
2786,27
2787,5
2788,41
2789,25
2790,28
2791,43
2792,23
2793,21
2794,73
2795,68
2796,88
2797,0
2798,65
2799,4
2800,96
2801,59
2802,20
2803,26
2804,11
2805,88
2806,83
2807,72
2808,27
2809,4
2810,60
2811,82
2812,22
2813,68
2814,92
2815,45
2816,84
2817,87
2818,32
2819,91
2820,34
2821,36
2822,9
2823,63
2824,83
2825,74
2826,66
2827,42
2828,34
2829,69
2830,32
2831,82
2832,81
2833,49
2834,15
2835,55
2836,22
2837,79
2838,18
2839,79
2840,46
2841,74
2842,97
2843,85
2844,78
2845,39
2846,2
2847,18
2848,5
2849,4
2850,17
2851,60
2852,44
2853,55
2854,53
2855,37
2856,82
2857,44
2858,43
2859,7
2860,27
2861,6
2862,38
2863,46
2864,21
2865,0
2866,22
2867,84
2868,11
2869,58
2870,36
2871,89
2872,78
2873,31
2874,46
2875,68
2876,47
2877,52
2878,11
2879,95
2880,70
2881,71
2882,58
2883,64
2884,27
2885,8
2886,52
2887,27
2888,3
2889,68
2890,62
2891,80
2892,68
2893,59
2894,83
2895,19
2896,92
2897,21
2898,90
2899,35
2900,21
2901,74
2902,1
2903,53
2904,6
2905,93
2906,14
2907,91
2908,71
2909,88
2910,35
2911,89
2912,27
2913,71
2914,97
2915,94
2916,61
2917,5
2918,83
2919,74
2920,4
2921,99
2922,5
2923,2
2924,54
2925,88
2926,24
2927,67
2928,84
2929,31
2930,75
2931,47
2932,30
2933,97
2934,43
2935,11
2936,22
2937,51
2938,84
2939,18
2940,78
2941,51
2942,51
2943,24
2944,5
2945,22
2946,15
2947,67
2948,15
2949,35
2950,60
2951,41
2952,46
2953,70
2954,76
2955,13
2956,89
2957,40
2958,30
2959,50
2960,0
2961,75
2962,65
2963,9
2964,36
2965,20
2966,7
2967,74
2968,24
2969,73
2970,67
2971,35
2972,82
2973,87
2974,31
2975,14
2976,67
2977,47
2978,65
2979,77
2980,51
2981,61
2982,30
2983,35
2984,66
2985,29
2986,97
2987,16
2988,0
2989,82
2990,80
2991,23
2992,89
2993,9
2994,16
2995,68
2996,35
2997,71
2998,27
2999,23
3000,34
3001,56
3002,40
3003,35
3004,91
3005,0
3006,88
3007,23
3008,7
3009,42
3010,51
3011,98
3012,35
3013,33
3014,83
3015,94
3016,32
3017,90
3018,78
3019,27
3020,54
3021,71
3022,36
3023,19
3024,99
3025,21
3026,13
3027,48
3028,0
3029,50
3030,79
3031,72
3032,33
3033,21
3034,60
3035,8
3036,84
3037,54
3038,6
3039,63
3040,20
3041,27
3042,86
3043,44
3044,56
3045,21
3046,12
3047,44
3048,75
3049,27
3050,74
3051,80
3052,54
3053,94
3054,48
3055,41
3056,53
3057,14
3058,55
3059,0
3060,85
3061,24
3062,46
3063,95
3064,38
3065,67
3066,0
3067,72
3068,11
3069,27
3070,1
3071,30
3072,25
3073,47
3074,97
3075,75
3076,13
3077,69
3078,10
3079,7
3080,87
3081,35
3082,69
3083,86
3084,12
3085,84
3086,21
3087,22
3088,23
3089,82
3090,14
3091,10
3092,26
3093,54
3094,66
3095,10
3096,17
3097,76
3098,40
3099,4
3100,85
3101,99
3102,74
3103,7
3104,42
3105,24
3106,81
3107,6
3108,37
3109,16
3110,60
3111,48
3112,44
3113,63
3114,3
3115,82
3116,46
3117,33
3118,31
3119,86
3120,59
3121,3
3122,9
3123,57
3124,92
3125,43
3126,35
3127,93
3128,62
3129,88
3130,93
3131,78
3132,78
3133,36
3134,1
3135,43
3136,34
3137,71
3138,87
3139,39
3140,18
3141,57
3142,73
3143,4
3144,73
3145,41
3146,76
3147,30
3148,43
3149,94
3150,76
3151,51
3152,71
3153,15
3154,52
3155,27
3156,30
3157,64
3158,30
3159,23
3160,35
3161,74
3162,36
3163,76
3164,47
3165,17
3166,31
3167,76
3168,88
3169,75
3170,63
3171,2
3172,77
3173,49
3174,92
3175,17
3176,80
3177,89
3178,3
3179,88
3180,26
3181,41
3182,79
3183,32
3184,6
3185,27
3186,20
3187,98
3188,26
3189,17
3190,1
3191,50
3192,43
3193,85
3194,15
3195,59
3196,24
3197,13
3198,21
3199,18
3200,42
3201,86
3202,33
3203,20
3204,68
3205,23
3206,70
3207,24
3208,80
3209,26
3210,22
3211,70
3212,79
3213,30
3214,45
3215,5
3216,9
3217,92
3218,47
3219,97
3220,33
3221,73
3222,21
3223,37
3224,70
3225,57
3226,25
3227,54
3228,95
3229,45
3230,58
3231,27
3232,9
3233,1
3234,18
3235,4
3236,13
3237,90
3238,16
3239,69
3240,48
3241,50
3242,37
3243,49
3244,60
3245,36
3246,37
3247,39
3248,21
3249,91
3250,32
3251,90
3252,44
3253,10
3254,74
3255,72
3256,48
3257,36
3258,3
3259,66
3260,5
3261,92
3262,18
3263,24
3264,74
3265,93
3266,96
3267,49
3268,32
3269,79
3270,98
3271,86
3272,30
3273,64
3274,74
3275,78
3276,13
3277,99
3278,27
3279,40
3280,87
3281,6
3282,22
3283,50
3284,13
3285,71
3286,83
3287,91
3288,13
3289,71
3290,49
3291,42
3292,57
3293,20
3294,63
3295,67
3296,73
3297,91
3298,39
3299,20
3300,30
3301,52
3302,69
3303,56
3304,28
3305,82
3306,29
3307,92
3308,16
3309,43
3310,30
3311,6
3312,99
3313,35
3314,79
3315,35
3316,9
3317,20
3318,79
3319,15
3320,87
3321,37
3322,20
3323,60
3324,33
3325,67
3326,92
3327,99
3328,88
3329,65
3330,90
3331,70
3332,45
3333,84
3334,16
3335,18
3336,38
3337,51
3338,42
3339,68
3340,27
3341,24
3342,72
3343,6
3344,0
3345,3
3346,42
3347,39
3348,61
3349,20
3350,16
3351,4
3352,77
3353,1
3354,14
3355,53
3356,7
3357,60
3358,53
3359,90
3360,43
3361,62
3362,34
3363,76
3364,84
3365,98
3366,32
3367,54
3368,38
3369,29
3370,65
3371,72
3372,65
3373,10
3374,5
3375,7
3376,48
3377,90
3378,94
3379,43
3380,67
3381,74
3382,26
3383,68
3384,6
3385,24
3386,82
3387,43
3388,49
3389,31
3390,78
3391,26
3392,49
3393,98
3394,25
3395,54
3396,91
3397,98
3398,81
3399,99
3400,11
3401,31
3402,82
3403,56
3404,3
3405,43
3406,62
3407,8
3408,73
3409,20
3410,29
3411,3
3412,89
3413,0
3414,23
3415,16
3416,96
3417,50
3418,26
3419,27
3420,43
3421,53
3422,45
3423,15
3424,49
3425,2
3426,33
3427,27
3428,66
3429,82
3430,5
3431,28
3432,1
3433,56
3434,26
3435,57
3436,60
3437,65
3438,15
3439,23
3440,56
3441,52
3442,21
3443,64
3444,9
3445,41
3446,24
3447,75
3448,5
3449,32
3450,12
3451,57
3452,84
3453,76
3454,50
3455,12
3456,21
3457,23
3458,76
3459,29
3460,57
3461,75
3462,32
3463,25
3464,52
3465,56
3466,49
3467,8
3468,31
3469,98
3470,39
3471,71
3472,46
3473,3
3474,55
3475,66
3476,37
3477,8
3478,13
3479,78
3480,38
3481,2
3482,52
3483,67
3484,89
3485,2
3486,54
3487,42
3488,73
3489,95
3490,1
3491,44
3492,57
3493,77
3494,23
3495,73
3496,55
3497,53
3498,66
3499,1
3500,12
3501,38
3502,51
3503,29
3504,34
3505,44
3506,11
3507,25
3508,67
3509,34
3510,0
3511,7
3512,70
3513,17
3514,72
3515,6
3516,70
3517,43
3518,0
3519,11
3520,85
3521,62
3522,18
3523,90
3524,56
3525,48
3526,4
3527,39
3528,21
3529,24
3530,95
3531,53
3532,89
3533,97
3534,35
3535,35
3536,32
3537,58
3538,97
3539,56
3540,78
3541,71
3542,79
3543,11
3544,28
3545,11
3546,90
3547,43
3548,9
3549,42
3550,84
3551,52
3552,27
3553,17
3554,62
3555,23
3556,59
3557,11
3558,48
3559,62
3560,87
3561,40
3562,18
3563,78
3564,13
3565,66
3566,11
3567,97
3568,20
3569,35
3570,16
3571,68
3572,23
3573,93
3574,79
3575,87
3576,41
3577,2
3578,66
3579,39
3580,49
3581,57
3582,52
3583,12
3584,38
3585,65
3586,39
3587,93
3588,18
3589,32
3590,31
3591,8
3592,53
3593,69
3594,63
3595,23
3596,44
3597,43
3598,88
3599,11
3600,96
3601,62
3602,79
3603,11
3604,73
3605,34
3606,48
3607,34
3608,34
3609,94
3610,88
3611,67
3612,71
3613,65
3614,24
3615,11
3616,70
3617,95
3618,44
3619,45
3620,27
3621,80
3622,84
3623,99
3624,47
3625,92
3626,92
3627,16
3628,88
3629,25
3630,58
3631,79
3632,54
3633,73
3634,51
3635,52
3636,51
3637,78
3638,45
3639,50
3640,17
3641,22
3642,32
3643,37
3644,34
3645,52
3646,25
3647,72
3648,29
3649,95
3650,86
3651,82
3652,78
3653,21
3654,28
3655,58
3656,66
3657,82
3658,31
3659,78
3660,66
3661,95
3662,91
3663,97
3664,67
3665,54
3666,71
3667,54
3668,80
3669,85
3670,28
3671,41
3672,71
3673,50
3674,75
3675,90
3676,7
3677,37
3678,23
3679,54
3680,84
3681,86
3682,8
3683,22
3684,51
3685,75
3686,26
3687,11
3688,55
3689,46
3690,50
3691,92
3692,80
3693,39
3694,64
3695,86
3696,85
3697,0
3698,8
3699,27
3700,57
3701,81
3702,94
3703,40
3704,61
3705,94
3706,17
3707,46
3708,1
3709,55
3710,49
3711,77
3712,0
3713,1
3714,80
3715,48
3716,39
3717,55
3718,38
3719,12
3720,11
3721,12
3722,78
3723,87
3724,2
3725,0
3726,95
3727,90
3728,10
3729,84
3730,10
3731,97
3732,48
3733,63
3734,51
3735,96
3736,96
3737,23
3738,95
3739,21
3740,81
3741,30
3742,51
3743,69
3744,28
3745,4
3746,31
3747,97
3748,14
3749,64
3750,80
3751,0
3752,0
3753,5
3754,45
3755,81
3756,90
3757,93
3758,56
3759,51
3760,34
3761,18
3762,91
3763,85
3764,56
3765,84
3766,98
3767,93
3768,77
3769,81
3770,82
3771,44
3772,66
3773,56
3774,49
3775,0
3776,70
3777,63
3778,77
3779,6
3780,5
3781,26
3782,24
3783,86
3784,78
3785,27
3786,1
3787,94
3788,74
3789,6
3790,20
3791,47
3792,90
3793,5
3794,40
3795,41
3796,95
3797,76
3798,15
3799,29
3800,49
3801,57
3802,85
3803,63
3804,91
3805,63
3806,94
3807,55
3808,59
3809,21
3810,49
3811,47
3812,78
3813,60
3814,78
3815,25
3816,11
3817,97
3818,96
3819,55
3820,46
3821,85
3822,56
3823,97
3824,72
3825,41
3826,87
3827,38
3828,83
3829,26
3830,77
3831,15
3832,47
3833,68
3834,35
3835,84
3836,10
3837,69
3838,49
3839,86
3840,89
3841,36
3842,59
3843,67
3844,45
3845,72
3846,4
3847,7
3848,60
3849,97
3850,36
3851,69
3852,4
3853,16
3854,38
3855,39
3856,87
3857,48
3858,8
3859,80
3860,93
3861,77
3862,93
3863,67
3864,41
3865,47
3866,99
3867,87
3868,13
3869,35
3870,57
3871,93
3872,39
3873,8
3874,63
3875,3
3876,19
3877,97
3878,90
3879,46
3880,74
3881,78
3882,44
3883,78
3884,15
3885,53
3886,55
3887,81
3888,9
3889,75
3890,73
3891,84
3892,73
3893,82
3894,12
3895,25
3896,7
3897,81
3898,7
3899,74
3900,90
3901,86
3902,67
3903,54
3904,78
3905,60
3906,9
3907,54
3908,34
3909,68
3910,25
3911,71
3912,20
3913,85
3914,7
3915,5
3916,4
3917,59
3918,26
3919,18
3920,85
3921,98
3922,97
3923,74
3924,94
3925,5
3926,15
3927,97
3928,23
3929,93
3930,19
3931,17
3932,1
3933,13
3934,31
3935,8
3936,45
3937,28
3938,23
3939,19
3940,88
3941,87
3942,82
3943,26
3944,33
3945,33
3946,10
3947,13
3948,91
3949,76
3950,76
3951,38
3952,35
3953,70
3954,17
3955,78
3956,56
3957,75
3958,0
3959,7
3960,90
3961,27
3962,51
3963,44
3964,71
3965,96
3966,6
3967,40
3968,51
3969,47
3970,37
3971,41
3972,66
3973,67
3974,41
3975,82
3976,7
3977,71
3978,6
3979,46
3980,2
3981,18
3982,65
3983,64
3984,33
3985,50
3986,1
3987,29
3988,3
3989,19
3990,40
3991,31
3992,60
3993,26
3994,63
3995,6
3996,32
3997,31
3998,21
3999,52
4000,71
4001,1
4002,10
4003,34
4004,34
4005,77
4006,5
4007,17
4008,7
4009,70
4010,20
4011,93
4012,41
4013,83
4014,87
4015,32
4016,30
4017,30
4018,11
4019,85
4020,32
4021,14
4022,51
4023,24
4024,5
4025,49
4026,51
4027,90
4028,48
4029,46
4030,7
4031,94
4032,37
4033,94
4034,94
4035,52
4036,78
4037,61
4038,41
4039,32
4040,84
4041,76
4042,18
4043,64
4044,38
4045,62
4046,35
4047,41
4048,69
4049,34
4050,2
4051,45
4052,62
4053,94
4054,99
4055,45
4056,2
4057,27
4058,32
4059,3
4060,56
4061,20
4062,83
4063,54
4064,75
4065,89
4066,83
4067,27
4068,95
4069,71
4070,18
4071,35
4072,43
4073,96
4074,95
4075,80
4076,33
4077,9
4078,27
4079,99
4080,87
4081,79
4082,2
4083,49
4084,18
4085,10
4086,47
4087,20
4088,49
4089,33
4090,3
4091,26
4092,71
4093,76
4094,21
4095,81
4096,27
4097,99
4098,64
4099,83
4100,0
4101,7
4102,4
4103,82
4104,13
4105,69
4106,8
4107,3
4108,74
4109,89
4110,98
4111,22
4112,92
4113,7
4114,86
4115,3
4116,95
4117,38
4118,42
4119,65
4120,90
4121,68
4122,17
4123,85
4124,49
4125,20
4126,63
4127,75
4128,48
4129,13
4130,60
4131,32
4132,62
4133,17
4134,81
4135,42
4136,59
4137,59
4138,38
4139,70
4140,79
4141,11
4142,49
4143,91
4144,0
4145,50
4146,45
4147,48
4148,1
4149,33
4150,57
4151,78
4152,12
4153,97
4154,44
4155,43
4156,63
4157,77
4158,37
4159,83
4160,49
4161,19
4162,16
4163,78
4164,21
4165,79
4166,40
4167,68
4168,74
4169,73
4170,46
4171,94
4172,68
4173,13
4174,61
4175,83
4176,72
4177,88
4178,35
4179,60
4180,35
4181,21
4182,65
4183,39
4184,65
4185,81
4186,20
4187,21
4188,99
4189,68
4190,88
4191,4
4192,49
4193,69
4194,17
4195,23
4196,90
4197,3
4198,14
4199,67
4200,37
4201,81
4202,95
4203,43
4204,22
4205,24
4206,22
4207,23
4208,94
4209,33
4210,90
4211,8
4212,68
4213,52
4214,20
4215,93
4216,54
4217,53
4218,64
4219,4
4220,97
4221,53
4222,27
4223,40
4224,47
4225,72
4226,5
4227,2
4228,71
4229,54
4230,54
4231,17
4232,56
4233,54
4234,15
4235,69
4236,65
4237,24
4238,88
4239,8
4240,44
4241,77
4242,75
4243,66
4244,30
4245,94
4246,27
4247,46
4248,75
4249,44
4250,37
4251,8
4252,10
4253,84
4254,77
4255,19
4256,5
4257,2
4258,86
4259,20
4260,90
4261,49
4262,95
4263,93
4264,34
4265,46
4266,21
4267,55
4268,14
4269,51
4270,87
4271,91
4272,41
4273,44
4274,72
4275,30
4276,19
4277,50
4278,44
4279,79
4280,79
4281,37
4282,99
4283,97
4284,6
4285,97
4286,89
4287,57
4288,29
4289,0
4290,66
4291,12
4292,27
4293,75
4294,97
4295,50
4296,13
4297,0
4298,50
4299,85
4300,33
4301,67
4302,7
4303,43
4304,63
4305,3
4306,25
4307,13
4308,50
4309,56
4310,60
4311,73
4312,22
4313,34
4314,84
4315,1
4316,58
4317,19
4318,97
4319,77
4320,42
4321,22
4322,81
4323,38
4324,11
4325,9
4326,32
4327,12
4328,65
4329,48
4330,96
4331,61
4332,9
4333,43
4334,9
4335,13
4336,70
4337,32
4338,32
4339,25
4340,0
4341,3
4342,75
4343,68
4344,27
4345,97
4346,83
4347,19
4348,10
4349,88
4350,97
4351,67
4352,89
4353,59
4354,36
4355,16
4356,73
4357,69
4358,49
4359,10
4360,57
4361,16
4362,56
4363,84
4364,75
4365,50
4366,90
4367,10
4368,83
4369,22
4370,59
4371,93
4372,36
4373,51
4374,6
4375,74
4376,82
4377,1
4378,3
4379,37
4380,56
4381,49
4382,94
4383,39
4384,25
4385,98
4386,29
4387,58
4388,79
4389,54
4390,42
4391,1
4392,24
4393,46
4394,51
4395,45
4396,70
4397,50
4398,96
4399,2
4400,7
4401,95
4402,27
4403,83
4404,89
4405,7
4406,68
4407,24
4408,49
4409,5
4410,80
4411,53
4412,3
4413,55
4414,75
4415,31
4416,69
4417,34
4418,24
4419,25
4420,2
4421,68
4422,24
4423,75
4424,75
4425,41
4426,13
4427,33
4428,89
4429,31
4430,50
4431,18
4432,43
4433,0
4434,13
4435,15
4436,14
4437,17
4438,57
4439,92
4440,79
4441,34
4442,74
4443,86
4444,20
4445,50
4446,72
4447,14
4448,86
4449,88
4450,98
4451,74
4452,7
4453,1
4454,79
4455,12
4456,87
4457,18
4458,65
4459,1
4460,52
4461,48
4462,18
4463,58
4464,81
4465,56
4466,94
4467,50
4468,58
4469,38
4470,97
4471,10
4472,7
4473,74
4474,19
4475,22
4476,92
4477,75
4478,75
4479,73
4480,5
4481,75
4482,6
4483,75
4484,35
4485,19
4486,80
4487,48
4488,18
4489,12
4490,64
4491,63
4492,60
4493,27
4494,17
4495,7
4496,43
4497,15
4498,85
4499,96
4500,98
4501,66
4502,62
4503,73
4504,26
4505,65
4506,58
4507,12
4508,15
4509,38
4510,78
4511,81
4512,21
4513,29
4514,15
4515,58
4516,34
4517,89
4518,5
4519,15
4520,10
4521,37
4522,99
4523,74
4524,30
4525,15
4526,98
4527,33
4528,40
4529,6
4530,52
4531,14
4532,63
4533,55
4534,53
4535,91
4536,81
4537,97
4538,16
4539,67
4540,90
4541,96
4542,52
4543,41
4544,11
4545,63
4546,78
4547,56
4548,43
4549,50
4550,21
4551,46
4552,92
4553,52
4554,75
4555,78
4556,60
4557,70
4558,36
4559,32
4560,2
4561,8
4562,61
4563,72
4564,24
4565,96
4566,30
4567,70
4568,5
4569,45
4570,28
4571,67
4572,53
4573,28
4574,35
4575,54
4576,74
4577,66
4578,41
4579,4
4580,95
4581,47
4582,52
4583,59
4584,68
4585,21
4586,86
4587,92
4588,58
4589,24
4590,18
4591,24
4592,30
4593,99
4594,14
4595,86
4596,18
4597,76
4598,68
4599,56
4600,70
4601,34
4602,97
4603,4
4604,14
4605,40
4606,43
4607,61
4608,33
4609,42
4610,89
4611,42
4612,38
4613,92
4614,79
4615,60
4616,7
4617,52
4618,66
4619,99
4620,96
4621,34
4622,6
4623,11
4624,92
4625,29
4626,4
4627,3
4628,3
4629,61
4630,90
4631,94
4632,29
4633,81
4634,4
4635,21
4636,66
4637,57
4638,5
4639,37
4640,0
4641,1
4642,56
4643,95
4644,80
4645,27
4646,8
4647,23
4648,98
4649,78
4650,71
4651,68
4652,72
4653,1
4654,11
4655,92
4656,22
4657,52
4658,90
4659,1
4660,59
4661,60
4662,91
4663,89
4664,28
4665,56
4666,0
4667,79
4668,5
4669,18
4670,60
4671,79
4672,99
4673,96
4674,68
4675,24
4676,63
4677,42
4678,81
4679,55
4680,13
4681,87
4682,68
4683,9
4684,70
4685,96
4686,7
4687,50
4688,70
4689,25
4690,46
4691,89
4692,21
4693,58
4694,37
4695,91
4696,74
4697,57
4698,75
4699,5
4700,80
4701,70
4702,63
4703,34
4704,13
4705,54
4706,34
4707,80
4708,9
4709,38
4710,70
4711,43
4712,33
4713,80
4714,63
4715,74
4716,1
4717,99
4718,93
4719,18
4720,74
4721,93
4722,20
4723,60
4724,89
4725,40
4726,96
4727,92
4728,35
4729,47
4730,52
4731,89
4732,7
4733,93
4734,94
4735,54
4736,15
4737,96
4738,79
4739,49
4740,81
4741,41
4742,14
4743,30
4744,76
4745,21
4746,82
4747,52
4748,55
4749,42
4750,46
4751,14
4752,43
4753,32
4754,34
4755,57
4756,89
4757,19
4758,31
4759,67
4760,92
4761,73
4762,46
4763,12
4764,23
4765,8
4766,88
4767,53
4768,96
4769,95
4770,30
4771,22
4772,7
4773,5
4774,37
4775,92
4776,95
4777,23
4778,63
4779,22
4780,0
4781,24
4782,23
4783,32
4784,72
4785,82
4786,50
4787,19
4788,13
4789,98
4790,26
4791,3
4792,0
4793,12
4794,76
4795,47
4796,24
4797,70
4798,10
4799,86
4800,39
4801,31
4802,37
4803,71
4804,39
4805,67
4806,87
4807,17
4808,81
4809,39
4810,35
4811,65
4812,88
4813,1
4814,61
4815,24
4816,69
4817,4
4818,9
4819,98
4820,27
4821,58
4822,76
4823,96
4824,4
4825,25
4826,56
4827,88
4828,79
4829,5
4830,16
4831,33
4832,82
4833,43
4834,46
4835,6
4836,46
4837,86
4838,39
4839,53
4840,77
4841,69
4842,29
4843,79
4844,33
4845,61
4846,35
4847,46
4848,9
4849,37
4850,32
4851,82
4852,33
4853,65
4854,77
4855,16
4856,97
4857,46
4858,23
4859,22
4860,75
4861,78
4862,88
4863,1
4864,85
4865,2
4866,68
4867,64
4868,91
4869,28
4870,85
4871,55
4872,91
4873,19
4874,59
4875,44
4876,2
4877,27
4878,34
4879,17
4880,20
4881,58
4882,93
4883,85
4884,85
4885,20
4886,2
4887,12
4888,40
4889,19
4890,16
4891,86
4892,48
4893,49
4894,15
4895,27
4896,53
4897,99
4898,66
4899,26
4900,88
4901,66
4902,87
4903,41
4904,17
4905,17
4906,6
4907,21
4908,8
4909,95
4910,94
4911,80
4912,92
4913,56
4914,66
4915,4
4916,68
4917,11
4918,20
4919,76
4920,23
4921,55
4922,16
4923,0
4924,86
4925,59
4926,93
4927,48
4928,40
4929,3
4930,17
4931,52
4932,92
4933,94
4934,87
4935,77
4936,7
4937,5
4938,73
4939,28
4940,67
4941,7
4942,65
4943,88
4944,75
4945,23
4946,14
4947,94
4948,57
4949,63
4950,81
4951,4
4952,99
4953,10
4954,32
4955,35
4956,9
4957,59
4958,81
4959,40
4960,48
4961,6
4962,98
4963,22
4964,93
4965,0
4966,14
4967,49
4968,51
4969,4
4970,6
4971,42
4972,80
4973,68
4974,24
4975,47
4976,31
4977,62
4978,70
4979,90
4980,8
4981,69
4982,51
4983,91
4984,42
4985,79
4986,86
4987,18
4988,61
4989,62
4990,54
4991,34
4992,42
4993,33
4994,65
4995,99
4996,72
4997,27
4998,13
4999,39
5000,59
5001,53
5002,82
5003,41
5004,76
5005,82
5006,49
5007,13
5008,58
5009,58
5010,28
5011,37
5012,3
5013,67
5014,68
5015,81
5016,38
5017,11
5018,68
5019,47
5020,76
5021,91
5022,53
5023,23
5024,78
5025,89
5026,35
5027,43
5028,70
5029,15
5030,9
5031,97
5032,67
5033,44
5034,75
5035,25
5036,33
5037,41
5038,7
5039,71
5040,27
5041,17
5042,76
5043,85
5044,88
5045,49
5046,35
5047,54
5048,86
5049,12
5050,63
5051,74
5052,33
5053,49
5054,25
5055,63
5056,78
5057,89
5058,36
5059,37
5060,66
5061,98
5062,76
5063,8
5064,13
5065,53
5066,87
5067,19
5068,44
5069,96
5070,32
5071,88
5072,4
5073,78
5074,99
5075,75
5076,21
5077,4
5078,97
5079,75
5080,36
5081,52
5082,94
5083,61
5084,34
5085,54
5086,38
5087,61
5088,1
5089,80
5090,21
5091,81
5092,35
5093,69
5094,47
5095,18
5096,20
5097,91
5098,68
5099,36
5100,76
5101,5
5102,78
5103,43
5104,49
5105,72
5106,27
5107,32
5108,83
5109,42
5110,58
5111,18
5112,48
5113,97
5114,48
5115,17
5116,28
5117,84
5118,98
5119,15
5120,21
5121,81
5122,59
5123,14
5124,37
5125,75
5126,2
5127,22
5128,3
5129,58
5130,90
5131,43
5132,3
5133,91
5134,23
5135,28
5136,68
5137,4
5138,78
5139,22
5140,25
5141,84
5142,42
5143,4
5144,91
5145,47
5146,5
5147,87
5148,6
5149,13
5150,91
5151,61
5152,91
5153,71
5154,74
5155,82
5156,66
5157,30
5158,47
5159,80
5160,18
5161,54
5162,48
5163,13
5164,85
5165,4
5166,40
5167,21
5168,99
5169,27
5170,57
5171,8
5172,28
5173,44
5174,98
5175,48
5176,13
5177,36
5178,29
5179,86
5180,34
5181,82
5182,93
5183,98
5184,13
5185,42
5186,60
5187,69
5188,12
5189,89
5190,50
5191,24
5192,49
5193,12
5194,71
5195,84
5196,71
5197,35
5198,14
5199,88
5200,74
5201,13
5202,25
5203,11
5204,44
5205,17
5206,18
5207,74
5208,44
5209,14
5210,64
5211,92
5212,60
5213,72
5214,57
5215,94
5216,48
5217,75
5218,3
5219,51
5220,64
5221,93
5222,41
5223,52
5224,52
5225,12
5226,36
5227,87
5228,99
5229,86
5230,5
5231,42
5232,60
5233,64
5234,99
5235,49
5236,22
5237,47
5238,47
5239,5
5240,60
5241,71
5242,80
5243,74
5244,19
5245,56
5246,24
5247,30
5248,76
5249,15
5250,39
5251,16
5252,21
5253,43
5254,97
5255,95
5256,55
5257,44
5258,25
5259,40
5260,82
5261,3
5262,57
5263,96
5264,71
5265,59
5266,47
5267,60
5268,44
5269,16
5270,61
5271,36
5272,68
5273,86
5274,21
5275,30
5276,26
5277,43
5278,13
5279,88
5280,49
5281,33
5282,53
5283,30
5284,96
5285,50
5286,85
5287,89
5288,79
5289,93
5290,44
5291,97
5292,14
5293,38
5294,16
5295,75
5296,6
5297,92
5298,88
5299,64
5300,54
5301,49
5302,6
5303,96
5304,8
5305,67
5306,0
5307,44
5308,92
5309,57
5310,66
5311,48
5312,45
5313,60
5314,89
5315,16
5316,42
5317,58
5318,78
5319,22
5320,75
5321,37
5322,98
5323,49
5324,61
5325,27
5326,53
5327,58
5328,34
5329,88
5330,92
5331,11
5332,82
5333,94
5334,32
5335,95
5336,54
5337,8
5338,28
5339,44
5340,45
5341,26
5342,48
5343,87
5344,59
5345,46
5346,61
5347,64
5348,43
5349,25
5350,48
5351,26
5352,36
5353,29
5354,77
5355,76
5356,74
5357,61
5358,56
5359,74
5360,44
5361,4
5362,8
5363,44
5364,22
5365,61
5366,77
5367,85
5368,95
5369,99
5370,0
5371,80
5372,45
5373,33
5374,49
5375,51
5376,36
5377,35
5378,39
5379,76
5380,95
5381,19
5382,14
5383,4
5384,60
5385,3
5386,51
5387,94
5388,67
5389,6
5390,62
5391,98
5392,28
5393,26
5394,61
5395,29
5396,64
5397,95
5398,63
5399,42
5400,17
5401,54
5402,76
5403,86
5404,83
5405,78
5406,25
5407,50
5408,97
5409,99
5410,52
5411,28
5412,40
5413,28
5414,22
5415,5
5416,11
5417,23
5418,98
5419,80
5420,30
5421,1
5422,77
5423,12
5424,78
5425,97
5426,78
5427,7
5428,94
5429,85
5430,48
5431,16
5432,25
5433,63
5434,59
5435,70
5436,70
5437,58
5438,92
5439,60
5440,9
5441,44
5442,49
5443,71
5444,57
5445,89
5446,31
5447,67
5448,56
5449,42
5450,70
5451,4
5452,43
5453,43
5454,86
5455,15
5456,24
5457,84
5458,74
5459,60
5460,48
5461,19
5462,93
5463,16
5464,72
5465,68
5466,21
5467,78
5468,68
5469,48
5470,52
5471,74
5472,42
5473,20
5474,6
5475,78
5476,62
5477,76
5478,42
5479,10
5480,4
5481,78
5482,28
5483,44
5484,51
5485,62
5486,48
5487,79
5488,67
5489,80
5490,81
5491,18
5492,40
5493,88
5494,15
5495,89
5496,0
5497,38
5498,72
5499,59
5500,3
5501,57
5502,64
5503,15
5504,4
5505,39
5506,93
5507,14
5508,46
5509,40
5510,66
5511,32
5512,32
5513,64
5514,54
5515,42
5516,15
5517,84
5518,7
5519,15
5520,70
5521,84
5522,28
5523,27
5524,36
5525,31
5526,87
5527,16
5528,59
5529,6
5530,19
5531,87
5532,93
5533,90
5534,25
5535,98
5536,2
5537,68
5538,47
5539,18
5540,64
5541,66
5542,49
5543,65
5544,81
5545,35
5546,45
5547,76
5548,95
5549,5
5550,89
5551,69
5552,56
5553,23
5554,95
5555,16
5556,7
5557,47
5558,6
5559,7
5560,57
5561,60
5562,32
5563,52
5564,35
5565,94
5566,25
5567,23
5568,58
5569,38
5570,38
5571,85
5572,48
5573,82
5574,21
5575,55
5576,69
5577,39
5578,12
5579,74
5580,25
5581,17
5582,87
5583,78
5584,70
5585,67
5586,87
5587,84
5588,75
5589,18
5590,44
5591,74
5592,62
5593,41
5594,1
5595,78
5596,85
5597,80
5598,29
5599,78
5600,85
5601,26
5602,46
5603,20
5604,7
5605,93
5606,63
5607,53
5608,56
5609,37
5610,33
5611,76
5612,48
5613,63
5614,84
5615,31
5616,92
5617,28
5618,65
5619,34
5620,96
5621,63
5622,54
5623,35
5624,93
5625,10
5626,35
5627,51
5628,7
5629,59
5630,68
5631,58
5632,81
5633,39
5634,13
5635,37
5636,46
5637,81
5638,96
5639,18
5640,4
5641,23
5642,55
5643,94
5644,22
5645,47
5646,51
5647,5
5648,81
5649,86
5650,48
5651,96
5652,23
5653,45
5654,13
5655,98
5656,71
5657,60
5658,62
5659,33
5660,68
5661,52
5662,82
5663,65
5664,15
5665,77
5666,94
5667,73
5668,70
5669,59
5670,55
5671,76
5672,72
5673,95
5674,84
5675,0
5676,99
5677,24
5678,56
5679,0
5680,82
5681,4
5682,37
5683,20
5684,54
5685,11
5686,9
5687,40
5688,65
5689,78
5690,12
5691,48
5692,1
5693,59
5694,77
5695,49
5696,89
5697,36
5698,42
5699,20
5700,2
5701,67
5702,87
5703,71
5704,36
5705,30
5706,27
5707,36
5708,54
5709,14
5710,43
5711,6
5712,31
5713,54
5714,32
5715,58
5716,10
5717,64
5718,72
5719,31
5720,27
5721,49
5722,56
5723,33
5724,99
5725,54
5726,34
5727,53
5728,17
5729,93
5730,66
5731,0
5732,58
5733,4
5734,37
5735,32
5736,58
5737,66
5738,13
5739,33
5740,39
5741,9
5742,82
5743,68
5744,26
5745,51
5746,50
5747,43
5748,81
5749,17
5750,30
5751,72
5752,64
5753,1
5754,59
5755,73
5756,58
5757,90
5758,56
5759,44
5760,16
5761,32
5762,15
5763,90
5764,78
5765,56
5766,40
5767,63
5768,22
5769,2
5770,14
5771,72
5772,76
5773,73
5774,11
5775,79
5776,25
5777,39
5778,12
5779,43
5780,91
5781,97
5782,50
5783,50
5784,62
5785,33
5786,22
5787,4
5788,45
5789,62
5790,49
5791,30
5792,24
5793,73
5794,31
5795,55
5796,59
5797,46
5798,11
5799,83
5800,83
5801,80
5802,38
5803,30
5804,73
5805,93
5806,41
5807,0
5808,35
5809,54
5810,9
5811,16
5812,25
5813,13
5814,12
5815,49
5816,60
5817,81
5818,89
5819,42
5820,51
5821,65
5822,59
5823,82
5824,7
5825,94
5826,84
5827,56
5828,37
5829,63
5830,27
5831,31
5832,34
5833,43
5834,85
5835,24
5836,28
5837,56
5838,33
5839,41
5840,62
5841,7
5842,7
5843,38
5844,45
5845,22
5846,47
5847,32
5848,70
5849,28
5850,96
5851,73
5852,57
5853,13
5854,47
5855,8
5856,30
5857,17
5858,62
5859,18
5860,73
5861,82
5862,15
5863,57
5864,60
5865,16
5866,54
5867,7
5868,52
5869,29
5870,50
5871,86
5872,51
5873,74
5874,74
5875,71
5876,85
5877,8
5878,31
5879,28
5880,17
5881,45
5882,28
5883,93
5884,16
5885,0
5886,17
5887,26
5888,71
5889,34
5890,64
5891,99
5892,27
5893,58
5894,16
5895,8
5896,92
5897,46
5898,16
5899,41
5900,0
5901,3
5902,44
5903,46
5904,6
5905,42
5906,70
5907,73
5908,31
5909,67
5910,62
5911,97
5912,97
5913,0
5914,57
5915,15
5916,11
5917,53
5918,69
5919,52
5920,13
5921,84
5922,67
5923,43
5924,80
5925,59
5926,20
5927,23
5928,65
5929,79
5930,99
5931,62
5932,58
5933,21
5934,35
5935,1
5936,40
5937,90
5938,66
5939,69
5940,39
5941,60
5942,88
5943,6
5944,51
5945,29
5946,19
5947,44
5948,32
5949,78
5950,40
5951,23
5952,23
5953,68
5954,55
5955,66
5956,45
5957,86
5958,1
5959,61
5960,89
5961,67
5962,32
5963,64
5964,43
5965,60
5966,27
5967,92
5968,91
5969,81
5970,80
5971,35
5972,46
5973,78
5974,85
5975,70
5976,16
5977,33
5978,22
5979,43
5980,98
5981,25
5982,15
5983,84
5984,21
5985,81
5986,95
5987,16
5988,28
5989,12
5990,24
5991,61
5992,74
5993,9
5994,8
5995,20
5996,11
5997,49
5998,0
5999,4
6000,31
6001,18
6002,2
6003,23
6004,47
6005,52
6006,30
6007,88
6008,46
6009,72
6010,97
6011,17
6012,81
6013,76
6014,83
6015,39
6016,67
6017,30
6018,9
6019,55
6020,9
6021,35
6022,48
6023,35
6024,88
6025,9
6026,88
6027,21
6028,36
6029,55
6030,82
6031,40
6032,47
6033,28
6034,57
6035,83
6036,93
6037,15
6038,54
6039,88
6040,81
6041,98
6042,39
6043,70
6044,15
6045,36
6046,94
6047,70
6048,59
6049,70
6050,70
6051,9
6052,3
6053,39
6054,33
6055,42
6056,99
6057,16
6058,21
6059,28
6060,98
6061,88
6062,37
6063,89
6064,14
6065,57
6066,81
6067,80
6068,4
6069,10
6070,81
6071,40
6072,49
6073,29
6074,5
6075,58
6076,36
6077,65
6078,83
6079,10
6080,84
6081,12
6082,25
6083,17
6084,29
6085,80
6086,97
6087,29
6088,65
6089,9
6090,18
6091,38
6092,97
6093,28
6094,43
6095,99
6096,50
6097,99
6098,20
6099,0
6100,32
6101,90
6102,62
6103,51
6104,31
6105,88
6106,56
6107,23
6108,71
6109,78
6110,46
6111,4
6112,39
6113,66
6114,96
6115,63
6116,13
6117,39
6118,90
6119,31
6120,84
6121,24
6122,37
6123,18
6124,43
6125,96
6126,2
6127,6
6128,80
6129,99
6130,19
6131,39
6132,97
6133,6
6134,39
6135,77
6136,74
6137,47
6138,25
6139,78
6140,21
6141,20
6142,63
6143,36
6144,48
6145,39
6146,44
6147,74
6148,36
6149,12
6150,30
6151,3
6152,51
6153,79
6154,78
6155,6
6156,4
6157,43
6158,32
6159,25
6160,97
6161,87
6162,34
6163,34
6164,56
6165,22
6166,16
6167,70
6168,9
6169,25
6170,77
6171,4
6172,17
6173,28
6174,47
6175,43
6176,87
6177,50
6178,73
6179,49
6180,78
6181,68
6182,99
6183,29
6184,28
6185,74
6186,19
6187,23
6188,23
6189,25
6190,64
6191,87
6192,35
6193,5
6194,51
6195,51
6196,78
6197,57
6198,99
6199,53
6200,37
6201,4
6202,73
6203,27
6204,39
6205,95
6206,40
6207,91
6208,49
6209,66
6210,42
6211,54
6212,0
6213,25
6214,9
6215,51
6216,40
6217,9
6218,51
6219,70
6220,96
6221,82
6222,62
6223,32
6224,61
6225,35
6226,8
6227,2
6228,66
6229,66
6230,11
6231,99
6232,56
6233,20
6234,95
6235,68
6236,47
6237,94
6238,22
6239,9
6240,23
6241,11
6242,4
6243,27
6244,59
6245,20
6246,17
6247,98
6248,73
6249,96
6250,60
6251,28
6252,10
6253,0
6254,10
6255,31
6256,72
6257,29
6258,24
6259,49
6260,52
6261,60
6262,81
6263,57
6264,52
6265,87
6266,85
6267,22
6268,83
6269,22
6270,40
6271,56
6272,1
6273,26
6274,29
6275,60
6276,65
6277,7
6278,88
6279,48
6280,1
6281,38
6282,18
6283,71
6284,50
6285,55
6286,65
6287,73
6288,27
6289,5
6290,40
6291,98
6292,42
6293,42
6294,90
6295,52
6296,1
6297,39
6298,45
6299,86
6300,74
6301,2
6302,36
6303,13
6304,22
6305,30
6306,74
6307,85
6308,33
6309,6
6310,72
6311,72
6312,54
6313,40
6314,91
6315,49
6316,68
6317,98
6318,12
6319,56
6320,14
6321,36
6322,37
6323,40
6324,97
6325,44
6326,88
6327,10
6328,75
6329,83
6330,74
6331,66
6332,52
6333,52
6334,86
6335,66
6336,24
6337,69
6338,41
6339,13
6340,39
6341,25
6342,61
6343,48
6344,7
6345,23
6346,38
6347,18
6348,45
6349,30
6350,11
6351,54
6352,12
6353,21
6354,56
6355,72
6356,77
6357,98
6358,73
6359,52
6360,41
6361,24
6362,59
6363,75
6364,20
6365,18
6366,83
6367,96
6368,5
6369,63
6370,39
6371,67
6372,45
6373,67
6374,11
6375,79
6376,76
6377,27
6378,81
6379,89
6380,83
6381,60
6382,48
6383,89
6384,2
6385,30
6386,11
6387,21
6388,82
6389,95
6390,94
6391,43
6392,49
6393,75
6394,79
6395,42
6396,75
6397,14
6398,89
6399,36
6400,83
6401,88
6402,67
6403,81
6404,67
6405,96
6406,17
6407,76
6408,5
6409,88
6410,76
6411,13
6412,37
6413,94
6414,92
6415,10
6416,48
6417,98
6418,15
6419,39
6420,40
6421,82
6422,31
6423,94
6424,44
6425,68
6426,47
6427,38
6428,4
6429,6
6430,89
6431,40
6432,27
6433,97
6434,14
6435,29
6436,64
6437,27
6438,26
6439,64
6440,9
6441,66
6442,44
6443,96
6444,33
6445,79
6446,63
6447,97
6448,43
6449,48
6450,78
6451,25
6452,32
6453,18
6454,56
6455,42
6456,80
6457,16
6458,45
6459,45
6460,12
6461,99
6462,18
6463,6
6464,41
6465,46
6466,69
6467,18
6468,18
6469,34
6470,32
6471,30
6472,9
6473,72
6474,85
6475,15
6476,62
6477,5
6478,71
6479,47
6480,59
6481,88
6482,22
6483,43
6484,19
6485,65
6486,93
6487,56
6488,99
6489,95
6490,22
6491,20
6492,67
6493,57
6494,21
6495,29
6496,3
6497,91
6498,64
6499,36
6500,22
6501,49
6502,26
6503,84
6504,59
6505,34
6506,85
6507,9
6508,22
6509,29
6510,60
6511,32
6512,94
6513,79
6514,25
6515,63
6516,53
6517,12
6518,27
6519,57
6520,99
6521,88
6522,28
6523,91
6524,78
6525,74
6526,55
6527,12
6528,38
6529,37
6530,5
6531,87
6532,57
6533,36
6534,46
6535,44
6536,57
6537,27
6538,31
6539,4
6540,26
6541,7
6542,96
6543,39
6544,34
6545,34
6546,69
6547,48
6548,56
6549,18
6550,45
6551,62
6552,97
6553,8
6554,32
6555,66
6556,81
6557,68
6558,51
6559,28
6560,77
6561,97
6562,33
6563,60
6564,43
6565,10
6566,74
6567,31
6568,87
6569,49
6570,99
6571,7
6572,68
6573,98
6574,58
6575,51
6576,44
6577,36
6578,65
6579,78
6580,72
6581,65
6582,25
6583,64
6584,86
6585,35
6586,49
6587,70
6588,59
6589,95
6590,10
6591,5
6592,79
6593,71
6594,20
6595,59
6596,67
6597,28
6598,76
6599,31
6600,85
6601,62
6602,9
6603,4
6604,54
6605,38
6606,11
6607,52
6608,84
6609,27
6610,36
6611,11
6612,52
6613,73
6614,87
6615,62
6616,15
6617,11
6618,59
6619,20
6620,47
6621,60
6622,97
6623,65
6624,98
6625,77
6626,38
6627,24
6628,2
6629,17
6630,36
6631,80
6632,74
6633,41
6634,32
6635,71
6636,76
6637,44
6638,91
6639,21
6640,81
6641,53
6642,3
6643,96
6644,18
6645,3
6646,29
6647,82
6648,64
6649,74
6650,49
6651,35
6652,97
6653,58
6654,43
6655,20
6656,86
6657,22
6658,32
6659,18
6660,53
6661,60
6662,36
6663,83
6664,18
6665,32
6666,66
6667,78
6668,51
6669,98
6670,69
6671,28
6672,46
6673,22
6674,49
6675,21
6676,93
6677,1
6678,19
6679,34
6680,73
6681,51
6682,55
6683,92
6684,76
6685,52
6686,31
6687,82
6688,75
6689,61
6690,55
6691,90
6692,78
6693,34
6694,87
6695,99
6696,85
6697,70
6698,2
6699,14
6700,78
6701,32
6702,95
6703,90
6704,64
6705,80
6706,12
6707,73
6708,47
6709,11
6710,22
6711,79
6712,81
6713,25
6714,25
6715,77
6716,35
6717,60
6718,21
6719,28
6720,8
6721,80
6722,67
6723,75
6724,40
6725,37
6726,88
6727,95
6728,32
6729,51
6730,48
6731,65
6732,6
6733,39
6734,87
6735,50
6736,49
6737,14
6738,0
6739,23
6740,78
6741,47
6742,81
6743,41
6744,76
6745,99
6746,38
6747,44
6748,24
6749,76
6750,57
6751,74
6752,66
6753,44
6754,70
6755,92
6756,73
6757,4
6758,2
6759,1
6760,39
6761,35
6762,90
6763,4
6764,81
6765,74
6766,64
6767,42
6768,52
6769,59
6770,51
6771,66
6772,10
6773,52
6774,61
6775,98
6776,69
6777,39
6778,15
6779,77
6780,36
6781,23
6782,41
6783,94
6784,45
6785,17
6786,1
6787,70
6788,9
6789,43
6790,37
6791,81
6792,77
6793,69
6794,80
6795,22
6796,75
6797,24
6798,72
6799,48
6800,24
6801,61
6802,4
6803,57
6804,10
6805,2
6806,0
6807,89
6808,24
6809,94
6810,68
6811,66
6812,17
6813,5
6814,90
6815,77
6816,34
6817,77
6818,44
6819,35
6820,52
6821,70
6822,29
6823,94
6824,37
6825,83
6826,40
6827,0
6828,92
6829,96
6830,4
6831,78
6832,77
6833,6
6834,85
6835,59
6836,96
6837,8
6838,1
6839,62
6840,25
6841,21
6842,1
6843,56
6844,93
6845,82
6846,47
6847,70
6848,8
6849,19
6850,73
6851,74
6852,86
6853,19
6854,31
6855,32
6856,38
6857,57
6858,5
6859,10
6860,40
6861,81
6862,33
6863,94
6864,68
6865,8
6866,89
6867,69
6868,72
6869,43
6870,60
6871,11
6872,0
6873,12
6874,90
6875,2
6876,54
6877,45
6878,65
6879,50
6880,3
6881,68
6882,17
6883,98
6884,81
6885,97
6886,9
6887,99
6888,77
6889,84
6890,22
6891,10
6892,23
6893,72
6894,73
6895,50
6896,70
6897,70
6898,4
6899,9
6900,86
6901,91
6902,26
6903,85
6904,30
6905,12
6906,54
6907,81
6908,76
6909,45
6910,67
6911,51
6912,57
6913,15
6914,48
6915,81
6916,72
6917,38
6918,27
6919,44
6920,81
6921,25
6922,0
6923,97
6924,42
6925,77
6926,52
6927,54
6928,82
6929,12
6930,37
6931,53
6932,21
6933,18
6934,92
6935,36
6936,44
6937,11
6938,31
6939,92
6940,89
6941,65
6942,28
6943,20
6944,92
6945,96
6946,21
6947,41
6948,21
6949,92
6950,56
6951,88
6952,76
6953,71
6954,48
6955,12
6956,45
6957,60
6958,78
6959,40
6960,24
6961,37
6962,86
6963,76
6964,84
6965,51
6966,60
6967,97
6968,64
6969,65
6970,38
6971,79
6972,83
6973,59
6974,96
6975,53
6976,32
6977,79
6978,87
6979,33
6980,46
6981,86
6982,74
6983,52
6984,24
6985,72
6986,54
6987,85
6988,78
6989,75
6990,63
6991,80
6992,17
6993,92
6994,56
6995,61
6996,64
6997,66
6998,39
6999,29
7000,35
7001,91
7002,67
7003,7
7004,77
7005,96
7006,89
7007,83
7008,91
7009,1
7010,6
7011,75
7012,9
7013,25
7014,87
7015,59
7016,38
7017,82
7018,27
7019,6
7020,45
7021,34
7022,14
7023,14
7024,46
7025,70
7026,37
7027,5
7028,97
7029,49
7030,69
7031,59
7032,50
7033,86
7034,28
7035,44
7036,63
7037,4
7038,29
7039,49
7040,45
7041,53
7042,95
7043,85
7044,46
7045,81
7046,84
7047,39
7048,71
7049,14
7050,87
7051,37
7052,86
7053,29
7054,28
7055,93
7056,62
7057,50
7058,41
7059,46
7060,51
7061,46
7062,36
7063,20
7064,57
7065,1
7066,96
7067,99
7068,38
7069,59
7070,85
7071,95
7072,23
7073,6
7074,57
7075,50
7076,2
7077,9
7078,42
7079,21
7080,12
7081,95
7082,29
7083,81
7084,50
7085,63
7086,89
7087,97
7088,63
7089,84
7090,9
7091,6
7092,80
7093,44
7094,27
7095,7
7096,39
7097,1
7098,68
7099,83
7100,60
7101,18
7102,84
7103,23
7104,77
7105,40
7106,63
7107,17
7108,31
7109,48
7110,48
7111,2
7112,27
7113,66
7114,40
7115,44
7116,12
7117,14
7118,56
7119,58
7120,70
7121,85
7122,70
7123,94
7124,41
7125,97
7126,5
7127,80
7128,15
7129,62
7130,35
7131,58
7132,56
7133,90
7134,77
7135,97
7136,25
7137,84
7138,3
7139,92
7140,85
7141,31
7142,44
7143,45
7144,64
7145,68
7146,21
7147,31
7148,67
7149,85
7150,36
7151,95
7152,80
7153,96
7154,76
7155,32
7156,43
7157,19
7158,52
7159,84
7160,48
7161,93
7162,32
7163,98
7164,33
7165,69
7166,14
7167,69
7168,36
7169,72
7170,65
7171,94
7172,86
7173,55
7174,16
7175,90
7176,56
7177,4
7178,47
7179,53
7180,71
7181,51
7182,35
7183,45
7184,61
7185,67
7186,96
7187,62
7188,85
7189,74
7190,57
7191,23
7192,20
7193,38
7194,15
7195,6
7196,77
7197,62
7198,37
7199,62
7200,15
7201,47
7202,75
7203,83
7204,28
7205,27
7206,37
7207,13
7208,34
7209,48
7210,52
7211,79
7212,71
7213,7
7214,60
7215,60
7216,38
7217,49
7218,92
7219,0
7220,19
7221,46
7222,90
7223,25
7224,22
7225,64
7226,7
7227,41
7228,65
7229,51
7230,66
7231,46
7232,1
7233,14
7234,17
7235,65
7236,35
7237,45
7238,14
7239,90
7240,35
7241,30
7242,8
7243,21
7244,28
7245,18
7246,65
7247,32
7248,34
7249,48
7250,75
7251,29
7252,62
7253,76
7254,30
7255,27
7256,3
7257,37
7258,82
7259,9
7260,11
7261,54
7262,8
7263,43
7264,67
7265,44
7266,8
7267,40
7268,53
7269,1
7270,75
7271,26
7272,93
7273,6
7274,87
7275,98
7276,44
7277,24
7278,75
7279,34
7280,86
7281,8
7282,8
7283,42
7284,51
7285,20
7286,13
7287,18
7288,85
7289,48
7290,35
7291,24
7292,93
7293,31
7294,55
7295,26
7296,36
7297,4
7298,15
7299,55
7300,73
7301,74
7302,95
7303,87
7304,4
7305,4
7306,27
7307,36
7308,43
7309,73
7310,2
7311,71
7312,24
7313,62
7314,4
7315,45
7316,71
7317,34
7318,67
7319,5
7320,58
7321,74
7322,99
7323,92
7324,99
7325,21
7326,36
7327,36
7328,82
7329,95
7330,71
7331,61
7332,23
7333,31
7334,77
7335,40
7336,74
7337,25
7338,19
7339,93
7340,6
7341,40
7342,68
7343,46
7344,5
7345,10
7346,35
7347,41
7348,71
7349,47
7350,57
7351,27
7352,96
7353,88
7354,92
7355,30
7356,51
7357,19
7358,84
7359,2
7360,76
7361,70
7362,22
7363,68
7364,70
7365,0
7366,5
7367,42
7368,11
7369,10
7370,88
7371,67
7372,77
7373,34
7374,2
7375,97
7376,58
7377,29
7378,8
7379,26
7380,70
7381,29
7382,3
7383,16
7384,52
7385,8
7386,50
7387,26
7388,85
7389,13
7390,87
7391,85
7392,61
7393,96
7394,75
7395,80
7396,23
7397,17
7398,72
7399,55
7400,10
7401,53
7402,23
7403,26
7404,6
7405,84
7406,9
7407,42
7408,50
7409,62
7410,87
7411,34
7412,44
7413,79
7414,52
7415,9
7416,21
7417,75
7418,57
7419,56
7420,99
7421,57
7422,81
7423,9
7424,9
7425,34
7426,43
7427,27
7428,10
7429,68
7430,28
7431,40
7432,23
7433,74
7434,19
7435,62
7436,28
7437,94
7438,52
7439,86
7440,21
7441,13
7442,70
7443,9
7444,97
7445,80
7446,68
7447,66
7448,24
7449,63
7450,56
7451,60
7452,12
7453,53
7454,50
7455,35
7456,20
7457,62
7458,24
7459,16
7460,26
7461,12
7462,43
7463,14
7464,23
7465,22
7466,73
7467,45
7468,75
7469,94
7470,29
7471,8
7472,97
7473,73
7474,12
7475,34
7476,63
7477,85
7478,33
7479,23
7480,1
7481,11
7482,70
7483,51
7484,8
7485,4
7486,56
7487,11
7488,60
7489,48
7490,3
7491,21
7492,60
7493,56
7494,63
7495,34
7496,96
7497,79
7498,17
7499,20
7500,16
7501,79
7502,91
7503,43
7504,14
7505,92
7506,7
7507,89
7508,13
7509,85
7510,47
7511,27
7512,81
7513,63
7514,59
7515,61
7516,78
7517,7
7518,53
7519,17
7520,44
7521,43
7522,10
7523,54
7524,94
7525,79
7526,68
7527,31
7528,69
7529,64
7530,83
7531,41
7532,71
7533,46
7534,96
7535,20
7536,9
7537,90
7538,52
7539,26
7540,83
7541,72
7542,20
7543,20
7544,24
7545,83
7546,27
7547,45
7548,68
7549,93
7550,22
7551,12
7552,60
7553,91
7554,99
7555,1
7556,62
7557,65
7558,26
7559,58
7560,88
7561,97
7562,88
7563,31
7564,3
7565,23
7566,19
7567,48
7568,91
7569,48
7570,13
7571,16
7572,66
7573,3
7574,55
7575,74
7576,32
7577,31
7578,98
7579,32
7580,6
7581,87
7582,38
7583,37
7584,8
7585,45
7586,92
7587,31
7588,92
7589,22
7590,89
7591,92
7592,78
7593,83
7594,45
7595,85
7596,28
7597,37
7598,54
7599,30
7600,95
7601,7
7602,59
7603,24
7604,94
7605,7
7606,94
7607,94
7608,2
7609,15
7610,65
7611,52
7612,40
7613,97
7614,34
7615,97
7616,82
7617,34
7618,75
7619,51
7620,50
7621,34
7622,25
7623,85
7624,30
7625,74
7626,22
7627,95
7628,81
7629,62
7630,27
7631,52
7632,6
7633,44
7634,62
7635,65
7636,69
7637,84
7638,0
7639,43
7640,48
7641,99
7642,62
7643,75
7644,53
7645,18
7646,12
7647,19
7648,8
7649,68
7650,64
7651,3
7652,53
7653,62
7654,39
7655,0
7656,86
7657,51
7658,58
7659,72
7660,12
7661,90
7662,90
7663,61
7664,41
7665,38
7666,52
7667,66
7668,68
7669,80
7670,4
7671,46
7672,5
7673,74
7674,98
7675,50
7676,88
7677,14
7678,75
7679,53
7680,3
7681,5
7682,98
7683,82
7684,7
7685,81
7686,61
7687,7
7688,91
7689,1
7690,5
7691,17
7692,72
7693,41
7694,94
7695,33
7696,32
7697,7
7698,39
7699,23
7700,6
7701,31
7702,63
7703,71
7704,67
7705,45
7706,84
7707,11
7708,74
7709,33
7710,67
7711,33
7712,50
7713,4
7714,51
7715,15
7716,36
7717,72
7718,41
7719,96
7720,54
7721,5
7722,37
7723,75
7724,55
7725,71
7726,26
7727,83
7728,9
7729,39
7730,57
7731,83
7732,45
7733,22
7734,52
7735,63
7736,69
7737,22
7738,85
7739,39
7740,7
7741,25
7742,98
7743,77
7744,70
7745,92
7746,49
7747,70
7748,87
7749,90
7750,38
7751,27
7752,97
7753,36
7754,83
7755,82
7756,88
7757,46
7758,7
7759,74
7760,97
7761,2
7762,9
7763,78
7764,40
7765,36
7766,85
7767,91
7768,78
7769,73
7770,79
7771,83
7772,33
7773,70
7774,90
7775,50
7776,82
7777,24
7778,38
7779,16
7780,5
7781,39
7782,7
7783,31
7784,10
7785,51
7786,96
7787,80
7788,29
7789,66
7790,53
7791,30
7792,84
7793,27
7794,5
7795,26
7796,53
7797,74
7798,72
7799,15
7800,15
7801,44
7802,25
7803,66
7804,25
7805,15
7806,48
7807,95
7808,63
7809,64
7810,77
7811,3
7812,13
7813,18
7814,92
7815,96
7816,13
7817,30
7818,29
7819,91
7820,91
7821,61
7822,75
7823,13
7824,71
7825,70
7826,98
7827,52
7828,94
7829,89
7830,90
7831,56
7832,57
7833,43
7834,60
7835,6
7836,30
7837,59
7838,78
7839,74
7840,65
7841,80
7842,54
7843,83
7844,60
7845,17
7846,92
7847,18
7848,14
7849,26
7850,9
7851,81
7852,85
7853,32
7854,63
7855,43
7856,56
7857,87
7858,99
7859,6
7860,99
7861,70
7862,8
7863,12
7864,38
7865,80
7866,89
7867,17
7868,39
7869,53
7870,38
7871,48
7872,5
7873,80
7874,89
7875,74
7876,98
7877,37
7878,40
7879,85
7880,16
7881,27
7882,33
7883,16
7884,89
7885,5
7886,76
7887,83
7888,74
7889,85
7890,24
7891,18
7892,32
7893,76
7894,45
7895,54
7896,52
7897,11
7898,91
7899,40
7900,58
7901,84
7902,6
7903,91
7904,38
7905,46
7906,75
7907,25
7908,79
7909,0
7910,23
7911,14
7912,21
7913,86
7914,75
7915,45
7916,6
7917,22
7918,96
7919,76
7920,52
7921,81
7922,68
7923,22
7924,34
7925,45
7926,58
7927,7
7928,30
7929,2
7930,1
7931,23
7932,3
7933,87
7934,5
7935,80
7936,93
7937,27
7938,39
7939,40
7940,62
7941,53
7942,92
7943,63
7944,18
7945,84
7946,57
7947,8
7948,56
7949,8
7950,88
7951,62
7952,29
7953,30
7954,73
7955,2
7956,33
7957,39
7958,64
7959,61
7960,45
7961,83
7962,58
7963,95
7964,18
7965,84
7966,4
7967,5
7968,2
7969,18
7970,23
7971,29
7972,85
7973,34
7974,93
7975,16
7976,86
7977,23
7978,95
7979,45
7980,97
7981,0
7982,75
7983,35
7984,55
7985,86
7986,92
7987,29
7988,85
7989,82
7990,91
7991,82
7992,17
7993,80
7994,60
7995,12
7996,26
7997,54
7998,28
7999,58
8000,79
8001,1
8002,1
8003,95
8004,22
8005,75
8006,33
8007,23
8008,40
8009,3
8010,1
8011,1
8012,35
8013,1
8014,19
8015,88
8016,11
8017,29
8018,56
8019,0
8020,54
8021,61
8022,20
8023,37
8024,17
8025,53
8026,89
8027,18
8028,81
8029,6
8030,96
8031,41
8032,26
8033,26
8034,25
8035,60
8036,87
8037,3
8038,4
8039,47
8040,24
8041,90
8042,78
8043,17
8044,7
8045,0
8046,87
8047,26
8048,95
8049,14
8050,56
8051,44
8052,12
8053,54
8054,38
8055,79
8056,8
8057,43
8058,39
8059,42
8060,40
8061,53
8062,98
8063,80
8064,31
8065,8
8066,57
8067,33
8068,88
8069,35
8070,7
8071,94
8072,54
8073,64
8074,22
8075,16
8076,63
8077,57
8078,2
8079,66
8080,88
8081,55
8082,58
8083,77
8084,36
8085,13
8086,91
8087,84
8088,9
8089,85
8090,9
8091,75
8092,85
8093,70
8094,52
8095,3
8096,2
8097,59
8098,79
8099,70
8100,34
8101,97
8102,99
8103,49
8104,18
8105,55
8106,70
8107,90
8108,38
8109,34
8110,61
8111,69
8112,37
8113,27
8114,24
8115,15
8116,78
8117,51
8118,33
8119,98
8120,1
8121,84
8122,22
8123,86
8124,55
8125,91
8126,13
8127,90
8128,68
8129,60
8130,45
8131,0
8132,34
8133,14
8134,32
8135,92
8136,14
8137,59
8138,35
8139,28
8140,3
8141,89
8142,7
8143,32
8144,66
8145,98
8146,38
8147,12
8148,41
8149,31
8150,36
8151,93
8152,84
8153,26
8154,74
8155,77
8156,50
8157,57
8158,70
8159,11
8160,67
8161,44
8162,66
8163,60
8164,45
8165,58
8166,82
8167,84
8168,83
8169,89
8170,28
8171,3
8172,95
8173,76
8174,60
8175,76
8176,91
8177,37
8178,2
8179,72
8180,62
8181,43
8182,91
8183,48
8184,63
8185,34
8186,33
8187,34
8188,53
8189,75
8190,28
8191,8
8192,95
8193,44
8194,47
8195,61
8196,60
8197,73
8198,61
8199,45
8200,63
8201,43
8202,49
8203,92
8204,92
8205,6
8206,55
8207,25
8208,18
8209,20
8210,4
8211,0
8212,85
8213,63
8214,65
8215,23
8216,77
8217,95
8218,81
8219,58
8220,30
8221,60
8222,21
8223,14
8224,85
8225,87
8226,28
8227,79
8228,90
8229,75
8230,73
8231,15
8232,41
8233,39
8234,99
8235,96
8236,94
8237,45
8238,91
8239,36
8240,77
8241,72
8242,75
8243,92
8244,94
8245,61
8246,31
8247,38
8248,12
8249,1
8250,0
8251,30
8252,84
8253,46
8254,29
8255,7
8256,18
8257,48
8258,58
8259,91
8260,84
8261,63
8262,62
8263,31
8264,40
8265,95
8266,30
8267,61
8268,86
8269,52
8270,82
8271,65
8272,25
8273,14
8274,28
8275,75
8276,11
8277,81
8278,61
8279,67
8280,79
8281,5
8282,93
8283,56
8284,81
8285,88
8286,84
8287,69
8288,30
8289,6
8290,68
8291,70
8292,12
8293,74
8294,7
8295,4
8296,23
8297,60
8298,84
8299,14
8300,48
8301,18
8302,0
8303,70
8304,38
8305,55
8306,24
8307,69
8308,16
8309,9
8310,42
8311,41
8312,39
8313,27
8314,0
8315,70
8316,85
8317,9
8318,38
8319,79
8320,77
8321,75
8322,74
8323,65
8324,42
8325,45
8326,8
8327,0
8328,36
8329,89
8330,43
8331,46
8332,69
8333,56
8334,42
8335,10
8336,71
8337,98
8338,64
8339,86
8340,86
8341,0
8342,21
8343,35
8344,1
8345,3
8346,96
8347,43
8348,83
8349,55
8350,68
8351,18
8352,1
8353,25
8354,96
8355,35
8356,47
8357,90
8358,2
8359,77
8360,49
8361,61
8362,31
8363,18
8364,4
8365,92
8366,38
8367,93
8368,28
8369,39
8370,18
8371,41
8372,18
8373,49
8374,70
8375,11
8376,38
8377,91
8378,82
8379,55
8380,60
8381,34
8382,56
8383,19
8384,32
8385,80
8386,12
8387,99
8388,73
8389,2
8390,8
8391,58
8392,93
8393,87
8394,45
8395,24
8396,35
8397,43
8398,47
8399,6
8400,55
8401,33
8402,8
8403,74
8404,26
8405,34
8406,39
8407,97
8408,52
8409,75
8410,33
8411,87
8412,17
8413,46
8414,16
8415,33
8416,76
8417,41
8418,80
8419,8
8420,75
8421,17
8422,27
8423,93
8424,27
8425,4
8426,41
8427,49
8428,67
8429,19
8430,21
8431,77
8432,90
8433,54
8434,87
8435,86
8436,37
8437,47
8438,66
8439,2
8440,73
8441,72
8442,54
8443,62
8444,26
8445,38
8446,28
8447,15
8448,36
8449,59
8450,69
8451,45
8452,92
8453,39
8454,42
8455,13
8456,49
8457,48
8458,18
8459,71
8460,48
8461,69
8462,9
8463,43
8464,84
8465,46
8466,71
8467,66
8468,66
8469,97
8470,82
8471,1
8472,39
8473,88
8474,93
8475,82
8476,7
8477,17
8478,56
8479,40
8480,70
8481,1
8482,68
8483,52
8484,76
8485,26
8486,16
8487,62
8488,85
8489,12
8490,99
8491,88
8492,40
8493,68
8494,36
8495,60
8496,17
8497,5
8498,20
8499,46
8500,75
8501,10
8502,62
8503,58
8504,42
8505,51
8506,75
8507,73
8508,70
8509,37
8510,28
8511,90
8512,72
8513,88
8514,68
8515,38
8516,93
8517,7
8518,9
8519,58
8520,61
8521,39
8522,56
8523,17
8524,33
8525,77
8526,63
8527,87
8528,51
8529,74
8530,16
8531,94
8532,72
8533,76
8534,60
8535,97
8536,1
8537,0
8538,75
8539,31
8540,55
8541,71
8542,75
8543,47
8544,6
8545,43
8546,14
8547,84
8548,14
8549,39
8550,1
8551,42
8552,53
8553,66
8554,25
8555,52
8556,32
8557,52
8558,40
8559,24
8560,86
8561,54
8562,54
8563,88
8564,61
8565,87
8566,54
8567,24
8568,10
8569,85
8570,17
8571,90
8572,22
8573,86
8574,77
8575,79
8576,94
8577,45
8578,0
8579,39
8580,89
8581,82
8582,41
8583,87
8584,91
8585,64
8586,55
8587,62
8588,55
8589,35
8590,10
8591,98
8592,28
8593,38
8594,74
8595,70
8596,13
8597,24
8598,15
8599,77
8600,76
8601,98
8602,51
8603,79
8604,15
8605,47
8606,47
8607,93
8608,73
8609,13
8610,26
8611,70
8612,30
8613,60
8614,70
8615,11
8616,82
8617,66
8618,34
8619,6
8620,65
8621,62
8622,80
8623,31
8624,36
8625,42
8626,96
8627,48
8628,79
8629,65
8630,4
8631,57
8632,66
8633,68
8634,85
8635,66
8636,16
8637,61
8638,16
8639,95
8640,18
8641,29
8642,50
8643,53
8644,9
8645,75
8646,4
8647,33
8648,15
8649,1
8650,93
8651,27
8652,1
8653,84
8654,69
8655,81
8656,10
8657,33
8658,74
8659,68
8660,30
8661,8
8662,3
8663,81
8664,6
8665,1
8666,44
8667,27
8668,28
8669,63
8670,5
8671,53
8672,34
8673,27
8674,93
8675,18
8676,84
8677,93
8678,85
8679,34
8680,46
8681,31
8682,69
8683,47
8684,86
8685,30
8686,85
8687,77
8688,1
8689,82
8690,45
8691,66
8692,77
8693,58
8694,31
8695,88
8696,23
8697,90
8698,79
8699,83
8700,31
8701,51
8702,80
8703,23
8704,64
8705,61
8706,16
8707,51
8708,99
8709,28
8710,15
8711,63
8712,14
8713,97
8714,78
8715,34
8716,71
8717,13
8718,74
8719,17
8720,28
8721,29
8722,10
8723,22
8724,83
8725,83
8726,53
8727,67
8728,7
8729,96
8730,82
8731,34
8732,15
8733,68
8734,68
8735,34
8736,82
8737,75
8738,37
8739,8
8740,94
8741,16
8742,24
8743,21
8744,8
8745,47
8746,53
8747,23
8748,74
8749,25
8750,27
8751,32
8752,96
8753,20
8754,29
8755,43
8756,69
8757,94
8758,26
8759,70
8760,60
8761,91
8762,24
8763,48
8764,71
8765,53
8766,20
8767,0
8768,69
8769,45
8770,69
8771,73
8772,74
8773,12
8774,42
8775,61
8776,21
8777,55
8778,88
8779,28
8780,15
8781,24
8782,1
8783,77
8784,67
8785,82
8786,25
8787,64
8788,51
8789,59
8790,79
8791,70
8792,11
8793,22
8794,59
8795,87
8796,60
8797,88
8798,76
8799,45
8800,15
8801,7
8802,1
8803,35
8804,94
8805,18
8806,25
8807,71
8808,26
8809,55
8810,60
8811,73
8812,9
8813,75
8814,5
8815,27
8816,18
8817,32
8818,38
8819,18
8820,4
8821,64
8822,40
8823,47
8824,3
8825,7
8826,85
8827,30
8828,92
8829,51
8830,79
8831,33
8832,99
8833,86
8834,15
8835,29
8836,63
8837,66
8838,62
8839,80
8840,24
8841,57
8842,43
8843,78
8844,27
8845,99
8846,95
8847,93
8848,72
8849,71
8850,74
8851,86
8852,50
8853,3
8854,72
8855,62
8856,50
8857,17
8858,2
8859,21
8860,32
8861,57
8862,99
8863,35
8864,6
8865,92
8866,82
8867,82
8868,94
8869,95
8870,81
8871,96
8872,77
8873,33
8874,67
8875,31
8876,60
8877,20
8878,16
8879,63
8880,62
8881,82
8882,36
8883,71
8884,31
8885,47
8886,75
8887,80
8888,29
8889,94
8890,27
8891,92
8892,50
8893,32
8894,38
8895,29
8896,37
8897,25
8898,65
8899,33
8900,53
8901,87
8902,95
8903,53
8904,42
8905,43
8906,89
8907,69
8908,93
8909,81
8910,40
8911,71
8912,31
8913,33
8914,73
8915,75
8916,85
8917,47
8918,97
8919,62
8920,89
8921,33
8922,46
8923,83
8924,83
8925,53
8926,15
8927,30
8928,83
8929,48
8930,94
8931,10
8932,69
8933,60
8934,29
8935,35
8936,59
8937,52
8938,44
8939,57
8940,4
8941,83
8942,89
8943,71
8944,68
8945,96
8946,46
8947,58
8948,98
8949,26
8950,92
8951,52
8952,2
8953,58
8954,77
8955,96
8956,86
8957,33
8958,13
8959,69
8960,97
8961,14
8962,51
8963,77
8964,63
8965,97
8966,58
8967,42
8968,45
8969,66
8970,81
8971,99
8972,28
8973,36
8974,57
8975,88
8976,25
8977,38
8978,71
8979,47
8980,53
8981,48
8982,79
8983,15
8984,29
8985,82
8986,90
8987,93
8988,81
8989,17
8990,14
8991,69
8992,25
8993,32
8994,39
8995,70
8996,89
8997,74
8998,67
8999,99
9000,28
9001,98
9002,88
9003,20
9004,50
9005,18
9006,71
9007,48
9008,69
9009,18
9010,86
9011,6
9012,39
9013,5
9014,19
9015,37
9016,44
9017,48
9018,35
9019,89
9020,67
9021,4
9022,38
9023,85
9024,21
9025,96
9026,11
9027,54
9028,84
9029,30
9030,13
9031,30
9032,35
9033,31
9034,83
9035,59
9036,77
9037,50
9038,41
9039,8
9040,19
9041,54
9042,4
9043,68
9044,53
9045,91
9046,93
9047,3
9048,40
9049,71
9050,51
9051,55
9052,9
9053,82
9054,3
9055,76
9056,5
9057,60
9058,42
9059,94
9060,66
9061,95
9062,18
9063,25
9064,61
9065,3
9066,4
9067,45
9068,61
9069,60
9070,14
9071,62
9072,27
9073,75
9074,16
9075,32
9076,93
9077,60
9078,33
9079,88
9080,18
9081,58
9082,0
9083,83
9084,23
9085,38
9086,56
9087,20
9088,79
9089,20
9090,30
9091,96
9092,19
9093,55
9094,35
9095,75
9096,26
9097,83
9098,56
9099,47
9100,57
9101,96
9102,10
9103,40
9104,43
9105,3
9106,23
9107,9
9108,77
9109,43
9110,15
9111,4
9112,77
9113,19
9114,73
9115,77
9116,7
9117,56
9118,4
9119,61
9120,50
9121,30
9122,39
9123,45
9124,19
9125,97
9126,12
9127,17
9128,28
9129,45
9130,8
9131,68
9132,83
9133,49
9134,63
9135,71
9136,12
9137,2
9138,77
9139,98
9140,96
9141,40
9142,15
9143,84
9144,19
9145,37
9146,70
9147,62
9148,34
9149,94
9150,30
9151,41
9152,91
9153,99
9154,33
9155,90
9156,16
9157,96
9158,77
9159,24
9160,71
9161,3
9162,19
9163,18
9164,23
9165,68
9166,45
9167,81
9168,61
9169,81
9170,21
9171,57
9172,22
9173,87
9174,82
9175,12
9176,38
9177,10
9178,93
9179,77
9180,84
9181,41
9182,64
9183,76
9184,25
9185,91
9186,94
9187,42
9188,79
9189,19
9190,76
9191,87
9192,18
9193,51
9194,1
9195,50
9196,94
9197,6
9198,10
9199,23
9200,0
9201,7
9202,91
9203,89
9204,95
9205,89
9206,45
9207,54
9208,69
9209,51
9210,68
9211,56
9212,2
9213,50
9214,37
9215,67
9216,71
9217,25
9218,50
9219,60
9220,79
9221,0
9222,95
9223,74
9224,2
9225,29
9226,2
9227,32
9228,92
9229,61
9230,76
9231,97
9232,13
9233,30
9234,27
9235,74
9236,8
9237,17
9238,74
9239,91
9240,11
9241,39
9242,69
9243,50
9244,57
9245,84
9246,27
9247,85
9248,75
9249,91
9250,79
9251,76
9252,81
9253,8
9254,70
9255,85
9256,82
9257,7
9258,73
9259,89
9260,32
9261,42
9262,39
9263,45
9264,36
9265,4
9266,15
9267,50
9268,16
9269,92
9270,94
9271,60
9272,75
9273,83
9274,62
9275,85
9276,48
9277,33
9278,11
9279,25
9280,41
9281,77
9282,75
9283,75
9284,43
9285,3
9286,4
9287,17
9288,89
9289,92
9290,19
9291,36
9292,22
9293,67
9294,83
9295,63
9296,2
9297,62
9298,37
9299,98
9300,99
9301,77
9302,56
9303,22
9304,84
9305,14
9306,71
9307,94
9308,44
9309,32
9310,41
9311,52
9312,91
9313,85
9314,43
9315,82
9316,69
9317,97
9318,42
9319,96
9320,47
9321,22
9322,1
9323,35
9324,78
9325,21
9326,93
9327,85
9328,18
9329,4
9330,65
9331,25
9332,44
9333,2
9334,86
9335,44
9336,59
9337,2
9338,54
9339,35
9340,56
9341,75
9342,52
9343,76
9344,20
9345,48
9346,97
9347,9
9348,78
9349,38
9350,5
9351,3
9352,50
9353,88
9354,84
9355,18
9356,6
9357,9
9358,72
9359,19
9360,82
9361,75
9362,15
9363,29
9364,35
9365,20
9366,30
9367,3
9368,89
9369,74
9370,44
9371,83
9372,32
9373,74
9374,63
9375,86
9376,74
9377,58
9378,36
9379,5
9380,8
9381,49
9382,80
9383,95
9384,70
9385,14
9386,81
9387,0
9388,58
9389,96
9390,1
9391,61
9392,59
9393,21
9394,60
9395,89
9396,82
9397,99
9398,80
9399,52
9400,65
9401,72
9402,32
9403,77
9404,69
9405,28
9406,42
9407,79
9408,21
9409,20
9410,38
9411,52
9412,2
9413,7
9414,65
9415,63
9416,96
9417,26
9418,29
9419,78
9420,79
9421,39
9422,30
9423,99
9424,5
9425,8
9426,43
9427,47
9428,69
9429,13
9430,72
9431,82
9432,3
9433,33
9434,93
9435,70
9436,99
9437,21
9438,17
9439,56
9440,64
9441,74
9442,51
9443,92
9444,61
9445,85
9446,78
9447,13
9448,10
9449,53
9450,74
9451,47
9452,5
9453,34
9454,81
9455,14
9456,77
9457,30
9458,66
9459,72
9460,11
9461,30
9462,11
9463,66
9464,45
9465,22
9466,63
9467,87
9468,26
9469,41
9470,70
9471,34
9472,21
9473,32
9474,90
9475,36
9476,85
9477,65
9478,22
9479,21
9480,87
9481,71
9482,53
9483,27
9484,74
9485,1
9486,8
9487,93
9488,40
9489,61
9490,88
9491,90
9492,10
9493,83
9494,37
9495,85
9496,34
9497,24
9498,74
9499,49
9500,12
9501,28
9502,74
9503,78
9504,13
9505,45
9506,87
9507,79
9508,93
9509,14
9510,47
9511,31
9512,26
9513,59
9514,60
9515,71
9516,9
9517,67
9518,81
9519,11
9520,54
9521,67
9522,15
9523,21
9524,1
9525,88
9526,21
9527,77
9528,95
9529,91
9530,12
9531,64
9532,82
9533,22
9534,16
9535,66
9536,5
9537,1
9538,80
9539,29
9540,73
9541,32
9542,81
9543,63
9544,53
9545,23
9546,81
9547,86
9548,78
9549,71
9550,28
9551,75
9552,35
9553,62
9554,79
9555,16
9556,8
9557,77
9558,22
9559,81
9560,87
9561,10
9562,65
9563,62
9564,49
9565,70
9566,57
9567,77
9568,99
9569,40
9570,91
9571,23
9572,13
9573,80
9574,14
9575,42
9576,66
9577,95
9578,95
9579,11
9580,94
9581,8
9582,36
9583,59
9584,12
9585,43
9586,86
9587,97
9588,53
9589,74
9590,64
9591,3
9592,61
9593,20
9594,22
9595,57
9596,25
9597,79
9598,76
9599,68
9600,20
9601,49
9602,67
9603,87
9604,16
9605,41
9606,80
9607,55
9608,10
9609,54
9610,62
9611,15
9612,42
9613,6
9614,85
9615,8
9616,2
9617,5
9618,45
9619,5
9620,71
9621,56
9622,99
9623,73
9624,18
9625,2
9626,76
9627,36
9628,30
9629,53
9630,67
9631,68
9632,65
9633,92
9634,23
9635,11
9636,72
9637,40
9638,71
9639,62
9640,98
9641,23
9642,78
9643,96
9644,67
9645,65
9646,8
9647,15
9648,4
9649,80
9650,27
9651,60
9652,6
9653,54
9654,48
9655,16
9656,57
9657,94
9658,30
9659,92
9660,43
9661,92
9662,58
9663,19
9664,23
9665,38
9666,46
9667,96
9668,95
9669,10
9670,99
9671,86
9672,53
9673,89
9674,11
9675,52
9676,58
9677,54
9678,85
9679,4
9680,64
9681,82
9682,72
9683,69
9684,43
9685,37
9686,65
9687,47
9688,47
9689,40
9690,53
9691,45
9692,8
9693,92
9694,3
9695,81
9696,40
9697,28
9698,53
9699,27
9700,59
9701,33
9702,33
9703,62
9704,89
9705,79
9706,12
9707,55
9708,89
9709,98
9710,78
9711,82
9712,91
9713,31
9714,91
9715,47
9716,9
9717,73
9718,69
9719,36
9720,45
9721,54
9722,95
9723,37
9724,61
9725,70
9726,69
9727,11
9728,4
9729,76
9730,80
9731,82
9732,12
9733,98
9734,94
9735,24
9736,39
9737,1
9738,33
9739,27
9740,29
9741,7
9742,39
9743,15
9744,78
9745,3
9746,41
9747,66
9748,80
9749,27
9750,45
9751,55
9752,32
9753,5
9754,45
9755,9
9756,55
9757,33
9758,79
9759,40
9760,24
9761,96
9762,65
9763,11
9764,38
9765,23
9766,39
9767,5
9768,97
9769,58
9770,46
9771,52
9772,27
9773,56
9774,98
9775,82
9776,41
9777,38
9778,51
9779,79
9780,34
9781,18
9782,73
9783,64
9784,2
9785,96
9786,49
9787,64
9788,40
9789,36
9790,97
9791,40
9792,27
9793,49
9794,62
9795,10
9796,56
9797,4
9798,18
9799,81
9800,91
9801,5
9802,87
9803,3
9804,50
9805,80
9806,86
9807,41
9808,17
9809,12
9810,43
9811,21
9812,44
9813,32
9814,40
9815,13
9816,35
9817,59
9818,21
9819,76
9820,45
9821,59
9822,49
9823,30
9824,60
9825,38
9826,51
9827,32
9828,40
9829,38
9830,63
9831,53
9832,35
9833,48
9834,24
9835,13
9836,31
9837,21
9838,84
9839,11
9840,61
9841,24
9842,29
9843,46
9844,45
9845,99
9846,27
9847,51
9848,91
9849,0
9850,35
9851,43
9852,57
9853,4
9854,60
9855,90
9856,86
9857,9
9858,46
9859,1
9860,99
9861,77
9862,57
9863,62
9864,2
9865,70
9866,69
9867,69
9868,91
9869,79
9870,93
9871,58
9872,0
9873,20
9874,6
9875,85
9876,82
9877,79
9878,58
9879,73
9880,58
9881,3
9882,85
9883,80
9884,62
9885,44
9886,97
9887,46
9888,53
9889,37
9890,95
9891,28
9892,40
9893,74
9894,24
9895,31
9896,95
9897,1
9898,2
9899,36
9900,59
9901,99
9902,55
9903,85
9904,0
9905,71
9906,64
9907,82
9908,62
9909,31
9910,86
9911,51
9912,72
9913,91
9914,33
9915,44
9916,84
9917,85
9918,90
9919,69
9920,82
9921,21
9922,89
9923,68
9924,68
9925,76
9926,31
9927,58
9928,8
9929,37
9930,13
9931,30
9932,78
9933,45
9934,96
9935,99
9936,27
9937,12
9938,92
9939,82
9940,82
9941,78
9942,97
9943,62
9944,74
9945,4
9946,99
9947,29
9948,97
9949,74
9950,56
9951,27
9952,79
9953,72
9954,95
9955,51
9956,57
9957,45
9958,86
9959,73
9960,48
9961,33
9962,18
9963,86
9964,19
9965,97
9966,4
9967,9
9968,53
9969,89
9970,18
9971,25
9972,26
9973,49
9974,11
9975,18
9976,80
9977,83
9978,21
9979,27
9980,30
9981,52
9982,74
9983,29
9984,59
9985,90
9986,14
9987,77
9988,3
9989,7
9990,75
9991,91
9992,16
9993,30
9994,97
9995,83
9996,63
9997,51
9998,42
9999,70
