ID,target
0,68
1,33
2,4
3,51
4,71
5,6
6,27
7,7
8,23
9,0
10,76
11,75
12,81
13,69
14,40
15,43
16,92
17,97
18,70
19,53
20,70
21,49
22,75
23,68
24,21
25,16
26,39
27,8
28,16
29,15
30,20
31,22
32,41
33,73
34,56
35,65
36,58
37,35
38,25
39,37
40,63
41,14
42,49
43,30
44,56
45,22
46,41
47,58
48,21
49,76
50,4
51,6
52,9
53,57
54,2
55,32
56,71
57,52
58,42
59,69
60,77
61,27
62,66
63,33
64,7
65,35
66,43
67,82
68,63
69,92
70,66
71,68
72,79
73,91
74,67
75,32
76,82
77,16
78,77
79,61
80,71
81,78
82,54
83,6
84,29
85,89
86,78
87,33
88,11
89,73
90,22
91,18
92,27
93,21
94,13
95,21
96,50
97,7
98,37
99,35
100,26
101,1
102,47
103,86
104,43
105,69
106,76
107,17
108,57
109,59
110,25
111,20
112,27
113,83
114,9
115,71
116,48
117,43
118,83
119,56
120,85
121,78
122,19
123,92
124,33
125,20
126,21
127,44
128,70
129,46
130,32
131,16
132,1
133,74
134,51
135,91
136,60
137,97
138,52
139,23
140,4
141,11
142,52
143,3
144,77
145,95
146,58
147,39
148,51
149,58
150,58
151,77
152,97
153,49
154,45
155,66
156,58
157,20
158,77
159,63
160,36
161,8
162,87
163,10
164,38
165,47
166,54
167,38
168,51
169,83
170,9
171,47
172,4
173,83
174,95
175,83
176,63
177,73
178,18
179,40
180,86
181,74
182,22
183,65
184,10
185,28
186,25
187,95
188,98
189,83
190,12
191,7
192,45
193,13
194,94
195,24
196,89
197,63
198,7
199,87
200,6
201,78
202,68
203,60
204,6
205,23
206,44
207,31
208,80
209,78
210,30
211,98
212,49
213,90
214,97
215,33
216,53
217,95
218,9
219,81
220,94
221,30
222,71
223,77
224,12
225,3
226,0
227,76
228,79
229,71
230,89
231,57
232,59
233,24
234,65
235,10
236,32
237,36
238,82
239,31
240,23
241,24
242,34
243,75
244,11
245,53
246,80
247,27
248,4
249,39
250,91
251,16
252,36
253,68
254,50
255,97
256,8
257,31
258,6
259,42
260,80
261,76
262,89
263,55
264,19
265,91
266,62
267,18
268,44
269,1
270,99
271,51
272,96
273,57
274,42
275,18
276,67
277,80
278,40
279,62
280,78
281,84
282,28
283,89
284,71
285,66
286,7
287,55
288,42
289,92
290,67
291,55
292,86
293,44
294,96
295,12
296,16
297,67
298,43
299,89
300,59
301,12
302,40
303,7
304,39
305,44
306,76
307,31
308,18
309,28
310,34
311,18
312,41
313,51
314,3
315,15
316,67
317,15
318,61
319,8
320,17
321,85
322,32
323,67
324,12
325,2
326,92
327,91
328,94
329,14
330,71
331,34
332,61
333,62
334,5
335,60
336,67
337,91
338,34
339,75
340,9
341,1
342,68
343,62
344,99
345,66
346,21
347,7
348,10
349,10
350,68
351,80
352,73
353,58
354,48
355,40
356,96
357,14
358,35
359,66
360,64
361,39
362,33
363,94
364,63
365,10
366,78
367,54
368,66
369,38
370,90
371,33
372,28
373,29
374,5
375,86
376,7
377,0
378,94
379,11
380,26
381,6
382,41
383,80
384,69
385,32
386,29
387,67
388,85
389,65
390,28
391,61
392,15
393,30
394,84
395,42
396,4
397,49
398,52
399,99
400,40
401,93
402,74
403,38
404,6
405,57
406,55
407,16
408,98
409,4
410,40
411,96
412,71
413,3
414,2
415,66
416,84
417,8
418,83
419,78
420,3
421,81
422,88
423,96
424,68
425,42
426,77
427,10
428,96
429,46
430,24
431,98
432,44
433,51
434,2
435,19
436,31
437,67
438,36
439,10
440,16
441,5
442,81
443,85
444,6
445,85
446,65
447,22
448,4
449,52
450,18
451,86
452,10
453,18
454,36
455,9
456,26
457,27
458,7
459,5
460,58
461,87
462,76
463,2
464,70
465,38
466,33
467,60
468,6
469,0
470,79
471,97
472,14
473,14
474,32
475,79
476,8
477,88
478,55
479,25
480,37
481,75
482,74
483,41
484,0
485,99
486,79
487,87
488,46
489,30
490,97
491,94
492,49
493,3
494,74
495,69
496,36
497,4
498,89
499,71
500,31
501,99
502,90
503,35
504,46
505,41
506,38
507,58
508,47
509,93
510,68
511,11
512,36
513,93
514,54
515,53
516,73
517,36
518,83
519,54
520,64
521,46
522,45
523,12
524,62
525,46
526,95
527,88
528,17
529,18
530,59
531,63
532,8
533,69
534,98
535,18
536,76
537,19
538,99
539,53
540,15
541,54
542,2
543,27
544,67
545,93
546,81
547,54
548,71
549,26
550,96
551,11
552,95
553,55
554,99
555,42
556,62
557,56
558,42
559,47
560,27
561,43
562,20
563,45
564,63
565,49
566,10
567,45
568,45
569,80
570,36
571,68
572,1
573,2
574,26
575,76
576,88
577,38
578,58
579,96
580,38
581,87
582,82
583,22
584,0
585,41
586,14
587,37
588,10
589,98
590,27
591,81
592,91
593,56
594,9
595,24
596,55
597,73
598,1
599,39
600,38
601,55
602,83
603,33
604,43
605,84
606,66
607,4
608,64
609,77
610,98
611,82
612,13
613,20
614,0
615,48
616,11
617,33
618,22
619,58
620,49
621,39
622,17
623,0
624,17
625,64
626,48
627,29
628,93
629,82
630,75
631,96
632,97
633,3
634,62
635,60
636,61
637,32
638,26
639,84
640,41
641,12
642,85
643,76
644,8
645,82
646,58
647,94
648,4
649,22
650,15
651,66
652,89
653,97
654,43
655,1
656,14
657,5
658,51
659,36
660,45
661,1
662,94
663,4
664,87
665,82
666,17
667,64
668,53
669,97
670,30
671,73
672,83
673,3
674,1
675,28
676,77
677,91
678,42
679,68
680,14
681,14
682,1
683,92
684,97
685,45
686,7
687,21
688,49
689,32
690,73
691,88
692,86
693,62
694,14
695,10
696,51
697,25
698,93
699,78
700,77
701,88
702,74
703,10
704,65
705,26
706,31
707,85
708,78
709,59
710,74
711,81
712,97
713,1
714,82
715,0
716,3
717,31
718,56
719,57
720,64
721,76
722,60
723,87
724,46
725,1
726,61
727,75
728,62
729,21
730,61
731,78
732,90
733,68
734,94
735,88
736,95
737,63
738,83
739,10
740,67
741,77
742,38
743,63
744,61
745,41
746,88
747,83
748,2
749,82
750,50
751,15
752,48
753,35
754,63
755,71
756,8
757,98
758,32
759,7
760,85
761,25
762,33
763,60
764,27
765,80
766,13
767,90
768,54
769,15
770,76
771,39
772,95
773,24
774,7
775,64
776,70
777,88
778,81
779,0
780,12
781,64
782,10
783,79
784,86
785,60
786,22
787,78
788,82
789,14
790,48
791,33
792,4
793,53
794,76
795,1
796,58
797,94
798,70
799,64
800,22
801,23
802,46
803,58
804,99
805,78
806,10
807,53
808,37
809,34
810,36
811,15
812,51
813,52
814,63
815,32
816,6
817,36
818,6
819,7
820,37
821,19
822,81
823,22
824,67
825,54
826,83
827,10
828,57
829,25
830,11
831,82
832,21
833,19
834,26
835,40
836,33
837,71
838,76
839,39
840,5
841,47
842,98
843,19
844,52
845,66
846,32
847,53
848,53
849,21
850,46
851,6
852,34
853,71
854,80
855,46
856,55
857,26
858,7
859,93
860,44
861,96
862,16
863,33
864,9
865,10
866,46
867,68
868,24
869,47
870,40
871,47
872,63
873,53
874,10
875,51
876,41
877,77
878,54
879,84
880,20
881,29
882,76
883,34
884,70
885,26
886,64
887,2
888,96
889,69
890,36
891,18
892,90
893,66
894,47
895,37
896,99
897,34
898,12
899,99
900,15
901,85
902,15
903,86
904,3
905,99
906,80
907,28
908,69
909,51
910,72
911,39
912,8
913,56
914,52
915,64
916,98
917,77
918,78
919,21
920,43
921,89
922,90
923,48
924,47
925,56
926,65
927,47
928,14
929,96
930,2
931,60
932,9
933,68
934,22
935,23
936,3
937,31
938,54
939,97
940,71
941,54
942,62
943,56
944,23
945,42
946,81
947,66
948,40
949,47
950,96
951,67
952,42
953,51
954,10
955,2
956,71
957,13
958,30
959,34
960,50
961,47
962,72
963,51
964,96
965,3
966,76
967,47
968,53
969,34
970,60
971,63
972,28
973,24
974,36
975,69
976,82
977,90
978,70
979,13
980,77
981,43
982,43
983,79
984,81
985,80
986,66
987,35
988,84
989,21
990,49
991,33
992,15
993,37
994,11
995,90
996,36
997,9
998,53
999,91
1000,66
1001,49
1002,94
1003,40
1004,31
1005,90
1006,86
1007,91
1008,95
1009,62
1010,25
1011,18
1012,11
1013,29
1014,0
1015,9
1016,37
1017,1
1018,50
1019,90
1020,27
1021,52
1022,50
1023,8
1024,71
1025,12
1026,97
1027,0
1028,3
1029,41
1030,21
1031,16
1032,51
1033,66
1034,90
1035,63
1036,81
1037,30
1038,55
1039,30
1040,86
1041,10
1042,6
1043,8
1044,6
1045,9
1046,78
1047,11
1048,78
1049,26
1050,16
1051,17
1052,80
1053,72
1054,20
1055,74
1056,81
1057,26
1058,96
1059,45
1060,15
1061,3
1062,57
1063,60
1064,49
1065,36
1066,23
1067,64
1068,72
1069,19
1070,41
1071,80
1072,6
1073,25
1074,49
1075,28
1076,20
1077,33
1078,7
1079,45
1080,7
1081,89
1082,1
1083,90
1084,42
1085,65
1086,23
1087,93
1088,96
1089,52
1090,29
1091,29
1092,51
1093,93
1094,48
1095,70
1096,48
1097,82
1098,84
1099,81
1100,55
1101,38
1102,80
1103,63
1104,76
1105,55
1106,54
1107,60
1108,1
1109,49
1110,1
1111,92
1112,99
1113,69
1114,98
1115,62
1116,25
1117,26
1118,28
1119,25
1120,21
1121,25
1122,82
1123,75
1124,19
1125,93
1126,46
1127,61
1128,81
1129,69
1130,9
1131,91
1132,47
1133,34
1134,23
1135,9
1136,0
1137,16
1138,51
1139,67
1140,80
1141,79
1142,5
1143,13
1144,52
1145,58
1146,78
1147,32
1148,37
1149,63
1150,10
1151,19
1152,2
1153,49
1154,64
1155,58
1156,77
1157,62
1158,47
1159,53
1160,41
1161,33
1162,86
1163,25
1164,67
1165,78
1166,95
1167,24
1168,46
1169,35
1170,31
1171,83
1172,16
1173,2
1174,52
1175,51
1176,21
1177,18
1178,60
1179,31
1180,95
1181,89
1182,14
1183,4
1184,15
1185,49
1186,63
1187,85
1188,33
1189,38
1190,66
1191,99
1192,72
1193,53
1194,12
1195,93
1196,42
1197,21
1198,52
1199,21
1200,43
1201,77
1202,55
1203,64
1204,57
1205,69
1206,5
1207,29
1208,41
1209,14
1210,41
1211,77
1212,58
1213,60
1214,26
1215,45
1216,19
1217,19
1218,8
1219,25
1220,81
1221,69
1222,77
1223,60
1224,42
1225,92
1226,31
1227,34
1228,36
1229,30
1230,38
1231,82
1232,88
1233,7
1234,38
1235,57
1236,54
1237,23
1238,98
1239,84
1240,79
1241,90
1242,81
1243,28
1244,7
1245,6
1246,84
1247,76
1248,88
1249,28
1250,98
1251,96
1252,32
1253,21
1254,45
1255,54
1256,26
1257,99
1258,70
1259,46
1260,89
1261,89
1262,64
1263,42
1264,39
1265,53
1266,50
1267,77
1268,56
1269,84
1270,46
1271,13
1272,84
1273,36
1274,5
1275,56
1276,68
1277,99
1278,92
1279,93
1280,79
1281,33
1282,37
1283,36
1284,81
1285,67
1286,41
1287,11
1288,99
1289,41
1290,26
1291,90
1292,59
1293,60
1294,2
1295,16
1296,17
1297,64
1298,90
1299,96
1300,97
1301,43
1302,3
1303,45
1304,0
1305,68
1306,33
1307,49
1308,0
1309,7
1310,53
1311,3
1312,4
1313,51
1314,5
1315,35
1316,7
1317,70
1318,9
1319,1
1320,34
1321,48
1322,71
1323,37
1324,42
1325,26
1326,91
1327,58
1328,78
1329,37
1330,1
1331,5
1332,82
1333,5
1334,29
1335,47
1336,38
1337,63
1338,61
1339,28
1340,99
1341,20
1342,88
1343,50
1344,53
1345,19
1346,59
1347,78
1348,35
1349,34
1350,6
1351,11
1352,56
1353,99
1354,23
1355,68
1356,26
1357,52
1358,17
1359,65
1360,47
1361,12
1362,94
1363,81
1364,76
1365,91
1366,72
1367,35
1368,18
1369,47
1370,92
1371,35
1372,19
1373,0
1374,43
1375,50
1376,43
1377,72
1378,73
1379,4
1380,53
1381,71
1382,8
1383,5
1384,59
1385,29
1386,18
1387,33
1388,38
1389,84
1390,25
1391,41
1392,5
1393,23
1394,68
1395,52
1396,81
1397,43
1398,8
1399,2
1400,18
1401,92
1402,5
1403,80
1404,48
1405,80
1406,25
1407,31
1408,48
1409,88
1410,10
1411,63
1412,76
1413,64
1414,95
1415,94
1416,70
1417,52
1418,84
1419,16
1420,99
1421,68
1422,28
1423,3
1424,96
1425,34
1426,57
1427,13
1428,22
1429,9
1430,59
1431,50
1432,34
1433,42
1434,20
1435,87
1436,91
1437,23
1438,9
1439,63
1440,19
1441,57
1442,14
1443,18
1444,46
1445,13
1446,44
1447,24
1448,10
1449,25
1450,55
1451,56
1452,29
1453,64
1454,51
1455,93
1456,62
1457,53
1458,17
1459,28
1460,10
1461,98
1462,65
1463,48
1464,39
1465,71
1466,95
1467,66
1468,98
1469,8
1470,94
1471,25
1472,70
1473,54
1474,68
1475,86
1476,3
1477,76
1478,13
1479,35
1480,7
1481,91
1482,55
1483,45
1484,51
1485,53
1486,28
1487,9
1488,87
1489,13
1490,95
1491,58
1492,78
1493,63
1494,92
1495,39
1496,80
1497,47
1498,34
1499,26
1500,63
1501,59
1502,64
1503,37
1504,92
1505,14
1506,26
1507,37
1508,94
1509,31
1510,15
1511,45
1512,24
1513,32
1514,9
1515,43
1516,90
1517,27
1518,78
1519,36
1520,3
1521,11
1522,69
1523,66
1524,55
1525,20
1526,54
1527,72
1528,86
1529,84
1530,72
1531,74
1532,1
1533,14
1534,69
1535,47
1536,62
1537,57
1538,51
1539,95
1540,16
1541,2
1542,6
1543,8
1544,59
1545,90
1546,39
1547,79
1548,25
1549,78
1550,57
1551,49
1552,17
1553,49
1554,95
1555,74
1556,63
1557,28
1558,56
1559,97
1560,78
1561,11
1562,9
1563,17
1564,31
1565,59
1566,52
1567,36
1568,58
1569,79
1570,42
1571,32
1572,15
1573,15
1574,79
1575,56
1576,3
1577,30
1578,57
1579,5
1580,76
1581,84
1582,47
1583,51
1584,21
1585,14
1586,22
1587,84
1588,43
1589,83
1590,19
1591,10
1592,61
1593,33
1594,9
1595,76
1596,96
1597,84
1598,83
1599,39
1600,60
1601,59
1602,74
1603,97
1604,68
1605,18
1606,23
1607,42
1608,47
1609,11
1610,20
1611,80
1612,24
1613,17
1614,12
1615,72
1616,13
1617,17
1618,32
1619,21
1620,42
1621,21
1622,98
1623,79
1624,21
1625,61
1626,63
1627,41
1628,9
1629,40
1630,70
1631,54
1632,65
1633,30
1634,4
1635,37
1636,52
1637,92
1638,71
1639,17
1640,47
1641,94
1642,39
1643,72
1644,79
1645,34
1646,26
1647,33
1648,50
1649,13
1650,53
1651,80
1652,20
1653,47
1654,98
1655,18
1656,48
1657,25
1658,61
1659,56
1660,68
1661,27
1662,13
1663,92
1664,3
1665,46
1666,76
1667,67
1668,91
1669,2
1670,99
1671,48
1672,3
1673,97
1674,20
1675,8
1676,77
1677,57
1678,63
1679,7
1680,10
1681,96
1682,84
1683,52
1684,90
1685,69
1686,55
1687,72
1688,78
1689,12
1690,99
1691,90
1692,91
1693,86
1694,85
1695,33
1696,10
1697,44
1698,34
1699,24
1700,56
1701,16
1702,62
1703,38
1704,91
1705,18
1706,53
1707,7
1708,38
1709,17
1710,9
1711,32
1712,53
1713,82
1714,10
1715,21
1716,30
1717,43
1718,52
1719,57
1720,16
1721,81
1722,30
1723,72
1724,52
1725,84
1726,62
1727,95
1728,44
1729,61
1730,35
1731,50
1732,21
1733,87
1734,5
1735,69
1736,37
1737,59
1738,0
1739,44
1740,25
1741,85
1742,54
1743,53
1744,73
1745,69
1746,3
1747,98
1748,49
1749,33
1750,73
1751,99
1752,97
1753,89
1754,3
1755,54
1756,90
1757,77
1758,35
1759,1
1760,62
1761,28
1762,84
1763,52
1764,99
1765,83
1766,40
1767,14
1768,67
1769,72
1770,12
1771,42
1772,93
1773,29
1774,59
1775,8
1776,17
1777,56
1778,46
1779,77
1780,1
1781,82
1782,51
1783,88
1784,86
1785,52
1786,86
1787,93
1788,29
1789,20
1790,16
1791,26
1792,5
1793,91
1794,43
1795,65
1796,64
1797,90
1798,70
1799,34
1800,11
1801,50
1802,68
1803,47
1804,6
1805,79
1806,22
1807,22
1808,86
1809,10
1810,93
1811,75
1812,48
1813,5
1814,68
1815,69
1816,99
1817,27
1818,82
1819,76
1820,74
1821,70
1822,65
1823,77
1824,70
1825,12
1826,91
1827,53
1828,95
1829,48
1830,47
1831,95
1832,49
1833,2
1834,3
1835,17
1836,65
1837,94
1838,55
1839,87
1840,49
1841,93
1842,57
1843,27
1844,67
1845,28
1846,16
1847,26
1848,46
1849,31
1850,25
1851,2
1852,95
1853,21
1854,83
1855,59
1856,56
1857,28
1858,17
1859,53
1860,71
1861,7
1862,94
1863,53
1864,89
1865,57
1866,28
1867,7
1868,54
1869,33
1870,53
1871,87
1872,43
1873,17
1874,69
1875,22
1876,17
1877,6
1878,53
1879,68
1880,44
1881,89
1882,43
1883,80
1884,83
1885,95
1886,37
1887,63
1888,28
1889,60
1890,23
1891,52
1892,24
1893,21
1894,99
1895,99
1896,32
1897,21
1898,59
1899,9
1900,81
1901,88
1902,93
1903,61
1904,17
1905,44
1906,33
1907,81
1908,16
1909,94
1910,40
1911,60
1912,27
1913,89
1914,56
1915,88
1916,18
1917,14
1918,36
1919,26
1920,74
1921,88
1922,56
1923,75
1924,65
1925,0
1926,43
1927,87
1928,47
1929,95
1930,69
1931,69
1932,9
1933,78
1934,4
1935,69
1936,11
1937,97
1938,29
1939,18
1940,64
1941,98
1942,65
1943,36
1944,94
1945,84
1946,93
1947,20
1948,36
1949,51
1950,76
1951,19
1952,63
1953,6
1954,30
1955,99
1956,78
1957,21
1958,38
1959,83
1960,67
1961,31
1962,49
1963,39
1964,42
1965,66
1966,53
1967,54
1968,41
1969,36
1970,10
1971,88
1972,30
1973,66
1974,95
1975,41
1976,37
1977,93
1978,46
1979,78
1980,37
1981,31
1982,22
1983,11
1984,78
1985,13
1986,73
1987,51
1988,95
1989,2
1990,38
1991,98
1992,28
1993,45
1994,42
1995,7
1996,88
1997,10
1998,12
1999,8
2000,92
2001,41
2002,33
2003,65
2004,17
2005,99
2006,99
2007,11
2008,73
2009,63
2010,63
2011,9
2012,58
2013,96
2014,77
2015,1
2016,36
2017,53
2018,92
2019,13
2020,98
2021,21
2022,35
2023,39
2024,49
2025,81
2026,35
2027,3
2028,77
2029,89
2030,95
2031,85
2032,52
2033,48
2034,35
2035,31
2036,43
2037,39
2038,82
2039,43
2040,12
2041,21
2042,18
2043,53
2044,5
2045,45
2046,63
2047,78
2048,4
2049,40
2050,74
2051,43
2052,21
2053,49
2054,30
2055,39
2056,18
2057,75
2058,53
2059,55
2060,12
2061,57
2062,5
2063,17
2064,97
2065,37
2066,48
2067,79
2068,5
2069,0
2070,16
2071,41
2072,48
2073,54
2074,79
2075,67
2076,73
2077,0
2078,19
2079,14
2080,29
2081,20
2082,48
2083,36
2084,72
2085,30
2086,20
2087,59
2088,0
2089,51
2090,50
2091,71
2092,31
2093,45
2094,91
2095,92
2096,87
2097,91
2098,9
2099,86
2100,58
2101,89
2102,97
2103,57
2104,77
2105,85
2106,16
2107,51
2108,20
2109,40
2110,55
2111,49
2112,18
2113,91
2114,56
2115,92
2116,19
2117,30
2118,28
2119,31
2120,41
2121,81
2122,90
2123,89
2124,86
2125,28
2126,41
2127,84
2128,27
2129,87
2130,21
2131,34
2132,36
2133,90
2134,94
2135,71
2136,63
2137,62
2138,95
2139,33
2140,38
2141,95
2142,41
2143,24
2144,89
2145,15
2146,81
2147,48
2148,48
2149,30
2150,52
2151,79
2152,25
2153,68
2154,16
2155,78
2156,10
2157,15
2158,38
2159,52
2160,43
2161,20
2162,98
2163,24
2164,71
2165,49
2166,32
2167,90
2168,91
2169,86
2170,68
2171,89
2172,78
2173,42
2174,26
2175,53
2176,10
2177,41
2178,12
2179,2
2180,4
2181,86
2182,19
2183,56
2184,63
2185,56
2186,5
2187,35
2188,3
2189,22
2190,6
2191,59
2192,14
2193,87
2194,6
2195,87
2196,49
2197,91
2198,33
2199,53
2200,51
2201,7
2202,99
2203,13
2204,5
2205,66
2206,80
2207,76
2208,73
2209,67
2210,14
2211,42
2212,86
2213,22
2214,90
2215,44
2216,24
2217,84
2218,69
2219,97
2220,34
2221,4
2222,26
2223,22
2224,19
2225,67
2226,73
2227,41
2228,46
2229,6
2230,98
2231,29
2232,51
2233,59
2234,62
2235,60
2236,68
2237,8
2238,83
2239,0
2240,41
2241,90
2242,48
2243,82
2244,73
2245,10
2246,28
2247,71
2248,79
2249,43
2250,37
2251,81
2252,17
2253,18
2254,84
2255,57
2256,44
2257,57
2258,68
2259,26
2260,59
2261,63
2262,87
2263,99
2264,3
2265,66
2266,38
2267,15
2268,75
2269,20
2270,47
2271,0
2272,14
2273,85
2274,62
2275,91
2276,63
2277,69
2278,18
2279,36
2280,95
2281,38
2282,75
2283,52
2284,76
2285,37
2286,60
2287,21
2288,47
2289,68
2290,28
2291,19
2292,77
2293,70
2294,61
2295,10
2296,69
2297,81
2298,68
2299,33
2300,28
2301,43
2302,10
2303,47
2304,76
2305,11
2306,95
2307,23
2308,44
2309,3
2310,31
2311,30
2312,80
2313,70
2314,9
2315,15
2316,2
2317,26
2318,65
2319,32
2320,12
2321,58
2322,73
2323,76
2324,95
2325,67
2326,95
2327,26
2328,70
2329,47
2330,5
2331,29
2332,51
2333,44
2334,45
2335,60
2336,34
2337,97
2338,1
2339,19
2340,97
2341,43
2342,27
2343,92
2344,27
2345,36
2346,95
2347,44
2348,5
2349,34
2350,76
2351,94
2352,74
2353,30
2354,69
2355,59
2356,34
2357,77
2358,98
2359,66
2360,31
2361,73
2362,16
2363,90
2364,18
2365,43
2366,38
2367,13
2368,25
2369,90
2370,42
2371,78
2372,37
2373,76
2374,19
2375,0
2376,81
2377,1
2378,5
2379,37
2380,41
2381,36
2382,5
2383,59
2384,74
2385,25
2386,98
2387,61
2388,35
2389,20
2390,32
2391,35
2392,25
2393,80
2394,61
2395,43
2396,58
2397,36
2398,99
2399,60
2400,70
2401,45
2402,96
2403,26
2404,56
2405,8
2406,83
2407,23
2408,47
2409,32
2410,54
2411,33
2412,61
2413,49
2414,53
2415,15
2416,50
2417,3
2418,12
2419,86
2420,3
2421,58
2422,5
2423,30
2424,3
2425,70
2426,61
2427,35
2428,25
2429,33
2430,53
2431,59
2432,94
2433,21
2434,99
2435,34
2436,1
2437,76
2438,63
2439,71
2440,66
2441,37
2442,67
2443,40
2444,93
2445,24
2446,82
2447,23
2448,73
2449,66
2450,49
2451,35
2452,11
2453,94
2454,88
2455,72
2456,34
2457,46
2458,95
2459,54
2460,41
2461,6
2462,19
2463,22
2464,75
2465,32
2466,43
2467,53
2468,21
2469,33
2470,20
2471,63
2472,12
2473,64
2474,23
2475,16
2476,75
2477,77
2478,33
2479,66
2480,4
2481,27
2482,91
2483,84
2484,13
2485,59
2486,38
2487,22
2488,0
2489,19
2490,42
2491,69
2492,85
2493,68
2494,86
2495,37
2496,81
2497,35
2498,31
2499,8
2500,23
2501,76
2502,74
2503,89
2504,60
2505,69
2506,52
2507,32
2508,29
2509,65
2510,9
2511,16
2512,0
2513,3
2514,17
2515,54
2516,62
2517,96
2518,34
2519,3
2520,8
2521,46
2522,67
2523,53
2524,12
2525,78
2526,61
2527,26
2528,27
2529,25
2530,62
2531,96
2532,67
2533,86
2534,26
2535,25
2536,96
2537,79
2538,23
2539,76
2540,45
2541,57
2542,16
2543,64
2544,34
2545,82
2546,66
2547,83
2548,4
2549,71
2550,9
2551,60
2552,35
2553,43
2554,29
2555,77
2556,58
2557,28
2558,5
2559,83
2560,62
2561,26
2562,39
2563,86
2564,93
2565,16
2566,85
2567,27
2568,76
2569,15
2570,42
2571,18
2572,14
2573,3
2574,67
2575,71
2576,20
2577,20
2578,84
2579,51
2580,88
2581,5
2582,25
2583,95
2584,59
2585,77
2586,22
2587,34
2588,68
2589,28
2590,44
2591,13
2592,73
2593,62
2594,52
2595,77
2596,99
2597,12
2598,31
2599,50
2600,87
2601,44
2602,85
2603,58
2604,57
2605,45
2606,28
2607,84
2608,35
2609,13
2610,32
2611,73
2612,47
2613,69
2614,84
2615,72
2616,75
2617,31
2618,97
2619,34
2620,29
2621,71
2622,29
2623,23
2624,90
2625,99
2626,67
2627,39
2628,52
2629,59
2630,12
2631,96
2632,10
2633,36
2634,64
2635,27
2636,41
2637,37
2638,32
2639,85
2640,97
2641,54
2642,78
2643,6
2644,72
2645,70
2646,7
2647,42
2648,0
2649,41
2650,39
2651,94
2652,80
2653,44
2654,47
2655,95
2656,10
2657,21
2658,63
2659,55
2660,69
2661,20
2662,85
2663,18
2664,23
2665,13
2666,92
2667,2
2668,84
2669,75
2670,22
2671,4
2672,59
2673,27
2674,61
2675,89
2676,57
2677,74
2678,42
2679,33
2680,91
2681,42
2682,28
2683,49
2684,20
2685,70
2686,16
2687,26
2688,91
2689,88
2690,85
2691,28
2692,27
2693,83
2694,54
2695,65
2696,71
2697,77
2698,13
2699,56
2700,76
2701,37
2702,21
2703,72
2704,66
2705,46
2706,75
2707,90
2708,26
2709,60
2710,49
2711,50
2712,15
2713,46
2714,78
2715,94
2716,3
2717,25
2718,2
2719,90
2720,4
2721,79
2722,47
2723,44
2724,90
2725,95
2726,78
2727,7
2728,26
2729,39
2730,40
2731,69
2732,4
2733,64
2734,47
2735,68
2736,40
2737,36
2738,75
2739,36
2740,82
2741,88
2742,44
2743,36
2744,81
2745,63
2746,50
2747,2
2748,52
2749,68
2750,75
2751,44
2752,53
2753,56
2754,32
2755,46
2756,34
2757,83
2758,74
2759,15
2760,43
2761,55
2762,87
2763,26
2764,63
2765,25
2766,79
2767,89
2768,38
2769,27
2770,59
2771,5
2772,95
2773,32
2774,15
2775,72
2776,89
2777,2
2778,88
2779,49
2780,46
2781,38
2782,62
2783,7
2784,6
2785,61
2786,27
2787,5
2788,41
2789,5
2790,20
2791,42
2792,23
2793,21
2794,73
2795,68
2796,88
2797,0
2798,36
2799,66
2800,47
2801,59
2802,20
2803,45
2804,46
2805,88
2806,83
2807,55
2808,27
2809,4
2810,60
2811,82
2812,61
2813,68
2814,62
2815,61
2816,84
2817,87
2818,91
2819,91
2820,3
2821,36
2822,9
2823,63
2824,57
2825,50
2826,38
2827,42
2828,34
2829,69
2830,1
2831,82
2832,90
2833,97
2834,15
2835,72
2836,22
2837,33
2838,18
2839,79
2840,11
2841,74
2842,97
2843,59
2844,78
2845,39
2846,35
2847,78
2848,5
2849,4
2850,17
2851,60
2852,79
2853,99
2854,53
2855,37
2856,82
2857,18
2858,43
2859,24
2860,27
2861,88
2862,38
2863,46
2864,21
2865,0
2866,83
2867,84
2868,11
2869,87
2870,36
2871,89
2872,44
2873,31
2874,46
2875,68
2876,47
2877,52
2878,36
2879,95
2880,70
2881,23
2882,58
2883,92
2884,27
2885,8
2886,47
2887,27
2888,43
2889,68
2890,62
2891,65
2892,68
2893,52
2894,83
2895,26
2896,70
2897,21
2898,58
2899,35
2900,21
2901,74
2902,1
2903,53
2904,29
2905,93
2906,14
2907,91
2908,71
2909,88
2910,98
2911,89
2912,27
2913,71
2914,64
2915,94
2916,61
2917,20
2918,83
2919,78
2920,74
2921,99
2922,94
2923,11
2924,39
2925,21
2926,24
2927,67
2928,5
2929,31
2930,75
2931,52
2932,30
2933,97
2934,43
2935,46
2936,22
2937,51
2938,84
2939,18
2940,78
2941,56
2942,51
2943,24
2944,5
2945,22
2946,43
2947,73
2948,15
2949,35
2950,60
2951,41
2952,35
2953,92
2954,76
2955,19
2956,89
2957,10
2958,73
2959,50
2960,0
2961,75
2962,65
2963,9
2964,36
2965,20
2966,40
2967,74
2968,24
2969,73
2970,67
2971,98
2972,82
2973,87
2974,31
2975,18
2976,23
2977,47
2978,36
2979,77
2980,51
2981,61
2982,95
2983,2
2984,66
2985,29
2986,97
2987,16
2988,0
2989,6
2990,38
2991,23
2992,89
2993,16
2994,16
2995,68
2996,35
2997,71
2998,44
2999,23
3000,65
3001,47
3002,40
3003,35
3004,66
3005,0
3006,88
3007,49
3008,7
3009,88
3010,57
3011,78
3012,35
3013,18
3014,83
3015,16
3016,3
3017,90
3018,44
3019,55
3020,14
3021,71
3022,36
3023,3
3024,99
3025,21
3026,13
3027,48
3028,83
3029,44
3030,79
3031,3
3032,33
3033,21
3034,60
3035,8
3036,84
3037,70
3038,6
3039,33
3040,20
3041,27
3042,86
3043,27
3044,8
3045,21
3046,12
3047,44
3048,75
3049,51
3050,74
3051,80
3052,54
3053,94
3054,48
3055,41
3056,53
3057,14
3058,55
3059,0
3060,85
3061,7
3062,46
3063,95
3064,38
3065,67
3066,0
3067,55
3068,35
3069,91
3070,18
3071,30
3072,84
3073,47
3074,97
3075,75
3076,81
3077,69
3078,10
3079,24
3080,73
3081,98
3082,69
3083,39
3084,37
3085,84
3086,21
3087,22
3088,23
3089,82
3090,14
3091,10
3092,26
3093,54
3094,6
3095,10
3096,17
3097,76
3098,56
3099,4
3100,85
3101,99
3102,38
3103,7
3104,42
3105,24
3106,81
3107,6
3108,37
3109,16
3110,33
3111,48
3112,44
3113,67
3114,3
3115,82
3116,98
3117,33
3118,31
3119,86
3120,71
3121,3
3122,9
3123,57
3124,14
3125,43
3126,35
3127,93
3128,62
3129,88
3130,64
3131,78
3132,42
3133,36
3134,1
3135,43
3136,34
3137,71
3138,9
3139,39
3140,18
3141,57
3142,67
3143,4
3144,95
3145,41
3146,76
3147,30
3148,43
3149,94
3150,40
3151,51
3152,71
3153,15
3154,52
3155,38
3156,30
3157,50
3158,30
3159,23
3160,35
3161,74
3162,36
3163,76
3164,47
3165,17
3166,31
3167,76
3168,88
3169,21
3170,63
3171,2
3172,77
3173,49
3174,92
3175,33
3176,80
3177,89
3178,3
3179,88
3180,26
3181,41
3182,79
3183,32
3184,6
3185,27
3186,20
3187,98
3188,26
3189,17
3190,1
3191,32
3192,43
3193,85
3194,72
3195,52
3196,24
3197,13
3198,46
3199,54
3200,42
3201,11
3202,33
3203,20
3204,68
3205,23
3206,54
3207,24
3208,38
3209,10
3210,22
3211,62
3212,79
3213,73
3214,45
3215,84
3216,9
3217,70
3218,52
3219,97
3220,33
3221,99
3222,21
3223,21
3224,54
3225,57
3226,25
3227,18
3228,69
3229,83
3230,89
3231,72
3232,9
3233,45
3234,18
3235,22
3236,13
3237,90
3238,16
3239,69
3240,48
3241,50
3242,37
3243,49
3244,68
3245,36
3246,37
3247,39
3248,65
3249,91
3250,45
3251,90
3252,26
3253,61
3254,55
3255,31
3256,48
3257,36
3258,31
3259,66
3260,5
3261,92
3262,44
3263,40
3264,74
3265,93
3266,18
3267,49
3268,32
3269,79
3270,98
3271,86
3272,30
3273,64
3274,50
3275,44
3276,13
3277,99
3278,27
3279,40
3280,87
3281,11
3282,22
3283,50
3284,13
3285,49
3286,83
3287,91
3288,81
3289,71
3290,49
3291,42
3292,57
3293,20
3294,63
3295,67
3296,73
3297,91
3298,39
3299,20
3300,73
3301,52
3302,69
3303,56
3304,28
3305,92
3306,44
3307,92
3308,62
3309,43
3310,30
3311,82
3312,99
3313,35
3314,79
3315,11
3316,9
3317,20
3318,79
3319,19
3320,94
3321,37
3322,20
3323,60
3324,33
3325,67
3326,62
3327,18
3328,88
3329,80
3330,90
3331,70
3332,57
3333,84
3334,16
3335,18
3336,38
3337,51
3338,42
3339,68
3340,15
3341,24
3342,55
3343,6
3344,57
3345,31
3346,42
3347,39
3348,61
3349,20
3350,9
3351,4
3352,77
3353,1
3354,14
3355,53
3356,7
3357,60
3358,53
3359,90
3360,43
3361,62
3362,34
3363,76
3364,84
3365,46
3366,32
3367,54
3368,31
3369,98
3370,32
3371,72
3372,14
3373,10
3374,5
3375,7
3376,48
3377,90
3378,94
3379,43
3380,93
3381,74
3382,91
3383,68
3384,6
3385,24
3386,82
3387,43
3388,49
3389,31
3390,78
3391,26
3392,49
3393,98
3394,25
3395,54
3396,93
3397,54
3398,81
3399,99
3400,11
3401,31
3402,82
3403,56
3404,21
3405,88
3406,92
3407,8
3408,73
3409,20
3410,18
3411,4
3412,89
3413,0
3414,23
3415,16
3416,96
3417,7
3418,26
3419,55
3420,6
3421,53
3422,45
3423,19
3424,49
3425,35
3426,81
3427,27
3428,26
3429,82
3430,5
3431,28
3432,1
3433,56
3434,26
3435,57
3436,60
3437,75
3438,72
3439,23
3440,56
3441,52
3442,21
3443,64
3444,9
3445,41
3446,24
3447,75
3448,5
3449,32
3450,12
3451,57
3452,84
3453,76
3454,65
3455,12
3456,21
3457,23
3458,76
3459,29
3460,57
3461,75
3462,32
3463,25
3464,52
3465,56
3466,49
3467,8
3468,98
3469,98
3470,39
3471,71
3472,46
3473,3
3474,38
3475,64
3476,49
3477,8
3478,13
3479,99
3480,38
3481,35
3482,52
3483,91
3484,89
3485,2
3486,54
3487,66
3488,73
3489,95
3490,1
3491,18
3492,0
3493,75
3494,60
3495,73
3496,80
3497,53
3498,38
3499,1
3500,12
3501,38
3502,51
3503,29
3504,77
3505,44
3506,32
3507,25
3508,67
3509,34
3510,0
3511,7
3512,62
3513,17
3514,63
3515,79
3516,83
3517,64
3518,0
3519,32
3520,85
3521,62
3522,18
3523,85
3524,15
3525,48
3526,4
3527,2
3528,21
3529,24
3530,95
3531,53
3532,89
3533,34
3534,2
3535,35
3536,32
3537,58
3538,97
3539,56
3540,78
3541,71
3542,79
3543,41
3544,28
3545,35
3546,90
3547,43
3548,9
3549,42
3550,84
3551,52
3552,27
3553,17
3554,51
3555,23
3556,59
3557,11
3558,48
3559,62
3560,73
3561,28
3562,18
3563,77
3564,93
3565,66
3566,35
3567,97
3568,20
3569,2
3570,9
3571,68
3572,23
3573,32
3574,79
3575,87
3576,41
3577,11
3578,96
3579,39
3580,49
3581,53
3582,96
3583,12
3584,38
3585,65
3586,39
3587,93
3588,57
3589,32
3590,75
3591,8
3592,53
3593,69
3594,72
3595,23
3596,44
3597,43
3598,88
3599,11
3600,68
3601,62
3602,54
3603,2
3604,73
3605,34
3606,48
3607,34
3608,34
3609,94
3610,88
3611,67
3612,71
3613,64
3614,24
3615,11
3616,28
3617,95
3618,44
3619,45
3620,27
3621,80
3622,84
3623,99
3624,96
3625,92
3626,51
3627,16
3628,88
3629,25
3630,58
3631,79
3632,54
3633,73
3634,50
3635,52
3636,77
3637,29
3638,45
3639,74
3640,68
3641,86
3642,32
3643,81
3644,34
3645,52
3646,28
3647,55
3648,29
3649,95
3650,86
3651,62
3652,78
3653,3
3654,28
3655,58
3656,66
3657,18
3658,31
3659,7
3660,66
3661,95
3662,45
3663,97
3664,65
3665,54
3666,33
3667,92
3668,80
3669,85
3670,28
3671,41
3672,71
3673,14
3674,75
3675,81
3676,7
3677,37
3678,23
3679,54
3680,84
3681,86
3682,8
3683,22
3684,51
3685,75
3686,26
3687,35
3688,72
3689,46
3690,64
3691,92
3692,46
3693,39
3694,29
3695,86
3696,85
3697,57
3698,8
3699,63
3700,57
3701,13
3702,94
3703,40
3704,61
3705,94
3706,17
3707,32
3708,1
3709,55
3710,49
3711,77
3712,0
3713,1
3714,80
3715,48
3716,39
3717,55
3718,38
3719,12
3720,46
3721,12
3722,78
3723,87
3724,2
3725,0
3726,95
3727,90
3728,10
3729,84
3730,10
3731,97
3732,48
3733,63
3734,51
3735,47
3736,96
3737,23
3738,67
3739,21
3740,90
3741,95
3742,51
3743,69
3744,28
3745,4
3746,31
3747,97
3748,48
3749,64
3750,80
3751,0
3752,0
3753,5
3754,45
3755,13
3756,90
3757,89
3758,56
3759,51
3760,34
3761,83
3762,91
3763,85
3764,56
3765,20
3766,11
3767,32
3768,77
3769,81
3770,82
3771,44
3772,66
3773,56
3774,49
3775,0
3776,70
3777,63
3778,32
3779,14
3780,5
3781,26
3782,55
3783,39
3784,64
3785,55
3786,1
3787,94
3788,74
3789,6
3790,25
3791,96
3792,90
3793,5
3794,40
3795,41
3796,49
3797,76
3798,19
3799,84
3800,49
3801,57
3802,85
3803,4
3804,91
3805,63
3806,94
3807,55
3808,59
3809,21
3810,49
3811,47
3812,72
3813,60
3814,93
3815,25
3816,35
3817,97
3818,96
3819,3
3820,46
3821,85
3822,56
3823,34
3824,12
3825,41
3826,87
3827,38
3828,83
3829,45
3830,77
3831,15
3832,47
3833,68
3834,46
3835,84
3836,10
3837,69
3838,49
3839,86
3840,89
3841,36
3842,59
3843,73
3844,45
3845,72
3846,3
3847,26
3848,23
3849,97
3850,40
3851,69
3852,32
3853,16
3854,38
3855,39
3856,87
3857,48
3858,8
3859,74
3860,72
3861,64
3862,34
3863,61
3864,41
3865,47
3866,99
3867,94
3868,13
3869,35
3870,57
3871,45
3872,39
3873,8
3874,66
3875,21
3876,65
3877,97
3878,90
3879,35
3880,63
3881,74
3882,44
3883,78
3884,19
3885,53
3886,55
3887,81
3888,9
3889,75
3890,73
3891,84
3892,73
3893,66
3894,12
3895,25
3896,7
3897,81
3898,7
3899,55
3900,90
3901,87
3902,67
3903,54
3904,74
3905,60
3906,9
3907,54
3908,34
3909,68
3910,25
3911,71
3912,20
3913,89
3914,7
3915,84
3916,4
3917,59
3918,26
3919,18
3920,37
3921,35
3922,55
3923,74
3924,94
3925,5
3926,21
3927,97
3928,23
3929,93
3930,43
3931,17
3932,1
3933,13
3934,29
3935,8
3936,45
3937,28
3938,23
3939,19
3940,88
3941,87
3942,82
3943,10
3944,74
3945,33
3946,10
3947,13
3948,91
3949,76
3950,76
3951,97
3952,2
3953,92
3954,17
3955,78
3956,56
3957,75
3958,0
3959,6
3960,90
3961,55
3962,51
3963,38
3964,71
3965,96
3966,6
3967,40
3968,51
3969,47
3970,37
3971,41
3972,64
3973,67
3974,89
3975,82
3976,14
3977,23
3978,6
3979,98
3980,11
3981,7
3982,65
3983,64
3984,33
3985,15
3986,1
3987,29
3988,21
3989,65
3990,40
3991,31
3992,60
3993,26
3994,63
3995,6
3996,50
3997,31
3998,21
3999,52
4000,71
4001,1
4002,10
4003,34
4004,34
4005,77
4006,11
4007,17
4008,7
4009,70
4010,20
4011,93
4012,41
4013,83
4014,87
4015,2
4016,30
4017,30
4018,11
4019,85
4020,32
4021,14
4022,51
4023,24
4024,5
4025,49
4026,53
4027,90
4028,48
4029,46
4030,7
4031,94
4032,37
4033,94
4034,94
4035,47
4036,35
4037,61
4038,41
4039,50
4040,84
4041,76
4042,18
4043,64
4044,31
4045,62
4046,46
4047,41
4048,69
4049,34
4050,2
4051,26
4052,62
4053,94
4054,99
4055,45
4056,35
4057,27
4058,32
4059,3
4060,56
4061,20
4062,92
4063,54
4064,75
4065,89
4066,83
4067,74
4068,95
4069,71
4070,79
4071,2
4072,43
4073,96
4074,95
4075,50
4076,33
4077,9
4078,44
4079,99
4080,87
4081,79
4082,35
4083,49
4084,78
4085,45
4086,52
4087,84
4088,49
4089,33
4090,43
4091,45
4092,71
4093,76
4094,21
4095,81
4096,30
4097,99
4098,64
4099,62
4100,0
4101,79
4102,4
4103,82
4104,81
4105,69
4106,8
4107,3
4108,74
4109,89
4110,46
4111,22
4112,92
4113,79
4114,86
4115,3
4116,95
4117,38
4118,42
4119,32
4120,10
4121,68
4122,17
4123,41
4124,49
4125,20
4126,4
4127,75
4128,48
4129,13
4130,60
4131,32
4132,62
4133,17
4134,37
4135,42
4136,59
4137,59
4138,38
4139,92
4140,79
4141,11
4142,49
4143,44
4144,0
4145,44
4146,79
4147,48
4148,1
4149,33
4150,57
4151,78
4152,37
4153,97
4154,78
4155,43
4156,63
4157,43
4158,37
4159,99
4160,49
4161,19
4162,16
4163,32
4164,21
4165,79
4166,40
4167,68
4168,74
4169,73
4170,46
4171,94
4172,68
4173,13
4174,61
4175,62
4176,98
4177,34
4178,35
4179,60
4180,35
4181,21
4182,65
4183,39
4184,65
4185,13
4186,20
4187,21
4188,99
4189,68
4190,88
4191,3
4192,49
4193,76
4194,17
4195,23
4196,81
4197,64
4198,66
4199,68
4200,22
4201,90
4202,95
4203,43
4204,59
4205,24
4206,22
4207,23
4208,94
4209,60
4210,90
4211,8
4212,68
4213,52
4214,20
4215,64
4216,54
4217,53
4218,63
4219,4
4220,55
4221,53
4222,27
4223,87
4224,47
4225,72
4226,5
4227,35
4228,71
4229,54
4230,54
4231,17
4232,56
4233,54
4234,15
4235,69
4236,65
4237,24
4238,43
4239,8
4240,5
4241,77
4242,75
4243,66
4244,30
4245,94
4246,27
4247,11
4248,75
4249,44
4250,37
4251,8
4252,61
4253,84
4254,77
4255,34
4256,37
4257,2
4258,86
4259,20
4260,90
4261,56
4262,95
4263,29
4264,34
4265,46
4266,43
4267,55
4268,18
4269,51
4270,87
4271,55
4272,41
4273,38
4274,72
4275,73
4276,19
4277,2
4278,44
4279,79
4280,79
4281,17
4282,73
4283,97
4284,88
4285,97
4286,6
4287,77
4288,29
4289,0
4290,19
4291,17
4292,91
4293,75
4294,97
4295,50
4296,13
4297,61
4298,36
4299,85
4300,73
4301,67
4302,66
4303,43
4304,50
4305,3
4306,25
4307,13
4308,50
4309,56
4310,60
4311,30
4312,10
4313,34
4314,84
4315,1
4316,58
4317,35
4318,27
4319,77
4320,42
4321,22
4322,87
4323,97
4324,11
4325,9
4326,32
4327,17
4328,65
4329,8
4330,96
4331,61
4332,9
4333,42
4334,9
4335,58
4336,92
4337,32
4338,32
4339,25
4340,0
4341,3
4342,75
4343,68
4344,27
4345,43
4346,0
4347,42
4348,10
4349,88
4350,2
4351,67
4352,6
4353,44
4354,65
4355,16
4356,46
4357,69
4358,49
4359,10
4360,57
4361,16
4362,56
4363,84
4364,75
4365,50
4366,81
4367,10
4368,83
4369,22
4370,59
4371,93
4372,36
4373,62
4374,6
4375,44
4376,82
4377,23
4378,3
4379,89
4380,56
4381,49
4382,94
4383,18
4384,25
4385,98
4386,28
4387,58
4388,79
4389,54
4390,72
4391,1
4392,24
4393,46
4394,51
4395,45
4396,70
4397,74
4398,96
4399,11
4400,7
4401,28
4402,27
4403,83
4404,89
4405,14
4406,59
4407,24
4408,49
4409,5
4410,80
4411,53
4412,75
4413,55
4414,30
4415,31
4416,69
4417,36
4418,24
4419,44
4420,2
4421,68
4422,24
4423,75
4424,75
4425,41
4426,81
4427,91
4428,89
4429,31
4430,51
4431,18
4432,43
4433,0
4434,13
4435,15
4436,14
4437,17
4438,83
4439,92
4440,79
4441,34
4442,74
4443,86
4444,20
4445,50
4446,72
4447,14
4448,69
4449,88
4450,98
4451,50
4452,79
4453,1
4454,79
4455,12
4456,87
4457,18
4458,65
4459,1
4460,52
4461,48
4462,83
4463,58
4464,81
4465,56
4466,94
4467,74
4468,13
4469,72
4470,97
4471,10
4472,7
4473,21
4474,19
4475,22
4476,54
4477,75
4478,75
4479,73
4480,5
4481,75
4482,82
4483,75
4484,35
4485,79
4486,55
4487,48
4488,18
4489,12
4490,32
4491,3
4492,60
4493,27
4494,12
4495,57
4496,43
4497,15
4498,85
4499,96
4500,21
4501,66
4502,62
4503,73
4504,78
4505,80
4506,58
4507,20
4508,31
4509,38
4510,27
4511,81
4512,21
4513,29
4514,15
4515,58
4516,88
4517,89
4518,5
4519,15
4520,10
4521,37
4522,95
4523,40
4524,30
4525,15
4526,98
4527,33
4528,40
4529,50
4530,96
4531,14
4532,63
4533,72
4534,53
4535,91
4536,81
4537,73
4538,16
4539,51
4540,90
4541,52
4542,52
4543,41
4544,11
4545,43
4546,26
4547,56
4548,34
4549,42
4550,65
4551,46
4552,92
4553,52
4554,75
4555,78
4556,60
4557,70
4558,36
4559,73
4560,11
4561,8
4562,10
4563,72
4564,24
4565,47
4566,95
4567,70
4568,5
4569,78
4570,28
4571,67
4572,53
4573,28
4574,46
4575,54
4576,75
4577,66
4578,41
4579,4
4580,95
4581,47
4582,52
4583,59
4584,68
4585,21
4586,13
4587,83
4588,58
4589,7
4590,18
4591,24
4592,30
4593,78
4594,14
4595,86
4596,18
4597,76
4598,68
4599,56
4600,70
4601,64
4602,97
4603,4
4604,18
4605,40
4606,43
4607,10
4608,33
4609,42
4610,89
4611,42
4612,50
4613,0
4614,6
4615,49
4616,7
4617,52
4618,66
4619,99
4620,96
4621,34
4622,6
4623,11
4624,92
4625,29
4626,4
4627,3
4628,27
4629,61
4630,90
4631,94
4632,29
4633,81
4634,64
4635,21
4636,66
4637,57
4638,5
4639,37
4640,0
4641,1
4642,56
4643,95
4644,80
4645,93
4646,8
4647,23
4648,11
4649,42
4650,95
4651,68
4652,30
4653,1
4654,35
4655,92
4656,22
4657,52
4658,90
4659,34
4660,56
4661,71
4662,27
4663,89
4664,28
4665,56
4666,0
4667,21
4668,20
4669,18
4670,60
4671,79
4672,63
4673,96
4674,68
4675,24
4676,0
4677,42
4678,90
4679,44
4680,81
4681,87
4682,68
4683,9
4684,62
4685,56
4686,7
4687,64
4688,59
4689,25
4690,46
4691,89
4692,21
4693,58
4694,37
4695,91
4696,10
4697,57
4698,98
4699,25
4700,80
4701,70
4702,64
4703,34
4704,91
4705,54
4706,34
4707,32
4708,9
4709,15
4710,70
4711,43
4712,59
4713,80
4714,63
4715,3
4716,1
4717,99
4718,27
4719,37
4720,74
4721,93
4722,20
4723,60
4724,8
4725,40
4726,33
4727,92
4728,31
4729,47
4730,52
4731,89
4732,7
4733,78
4734,94
4735,54
4736,15
4737,96
4738,97
4739,49
4740,12
4741,41
4742,14
4743,30
4744,76
4745,21
4746,37
4747,96
4748,99
4749,66
4750,46
4751,14
4752,43
4753,32
4754,34
4755,57
4756,87
4757,19
4758,31
4759,67
4760,1
4761,65
4762,19
4763,71
4764,23
4765,8
4766,93
4767,53
4768,96
4769,56
4770,30
4771,22
4772,7
4773,84
4774,56
4775,92
4776,95
4777,23
4778,63
4779,22
4780,83
4781,24
4782,23
4783,32
4784,72
4785,82
4786,50
4787,19
4788,13
4789,98
4790,26
4791,15
4792,0
4793,12
4794,76
4795,52
4796,24
4797,92
4798,28
4799,86
4800,39
4801,31
4802,37
4803,71
4804,39
4805,72
4806,87
4807,17
4808,96
4809,39
4810,35
4811,65
4812,43
4813,1
4814,61
4815,24
4816,69
4817,50
4818,9
4819,11
4820,32
4821,58
4822,76
4823,96
4824,4
4825,84
4826,95
4827,50
4828,79
4829,5
4830,16
4831,33
4832,82
4833,66
4834,46
4835,6
4836,46
4837,86
4838,85
4839,29
4840,77
4841,69
4842,34
4843,54
4844,33
4845,61
4846,35
4847,40
4848,9
4849,37
4850,5
4851,82
4852,8
4853,65
4854,77
4855,16
4856,97
4857,46
4858,23
4859,22
4860,75
4861,32
4862,46
4863,10
4864,85
4865,2
4866,68
4867,3
4868,91
4869,28
4870,58
4871,55
4872,91
4873,19
4874,59
4875,44
4876,35
4877,99
4878,34
4879,17
4880,20
4881,58
4882,29
4883,85
4884,85
4885,20
4886,84
4887,12
4888,8
4889,19
4890,16
4891,65
4892,48
4893,49
4894,15
4895,27
4896,53
4897,99
4898,48
4899,96
4900,88
4901,64
4902,87
4903,41
4904,17
4905,59
4906,6
4907,21
4908,8
4909,95
4910,94
4911,4
4912,54
4913,56
4914,66
4915,34
4916,68
4917,11
4918,20
4919,49
4920,23
4921,77
4922,16
4923,53
4924,86
4925,59
4926,93
4927,48
4928,40
4929,55
4930,17
4931,52
4932,54
4933,94
4934,87
4935,50
4936,44
4937,84
4938,91
4939,28
4940,67
4941,7
4942,65
4943,88
4944,75
4945,65
4946,14
4947,94
4948,57
4949,63
4950,81
4951,4
4952,99
4953,10
4954,32
4955,11
4956,9
4957,47
4958,81
4959,40
4960,8
4961,6
4962,98
4963,70
4964,93
4965,0
4966,14
4967,49
4968,51
4969,4
4970,6
4971,42
4972,80
4973,68
4974,99
4975,47
4976,31
4977,62
4978,70
4979,90
4980,8
4981,81
4982,51
4983,91
4984,14
4985,79
4986,22
4987,18
4988,61
4989,62
4990,54
4991,34
4992,42
4993,33
4994,46
4995,99
4996,39
4997,27
4998,58
4999,39
5000,56
5001,53
5002,82
5003,48
5004,76
5005,82
5006,49
5007,87
5008,58
5009,58
5010,28
5011,37
5012,11
5013,32
5014,68
5015,81
5016,65
5017,35
5018,68
5019,47
5020,56
5021,91
5022,53
5023,23
5024,78
5025,89
5026,35
5027,43
5028,62
5029,15
5030,9
5031,97
5032,67
5033,44
5034,75
5035,25
5036,59
5037,41
5038,6
5039,71
5040,4
5041,17
5042,76
5043,21
5044,88
5045,49
5046,35
5047,54
5048,86
5049,12
5050,63
5051,55
5052,33
5053,49
5054,44
5055,63
5056,78
5057,89
5058,36
5059,37
5060,66
5061,98
5062,76
5063,8
5064,13
5065,53
5066,87
5067,38
5068,40
5069,18
5070,32
5071,88
5072,72
5073,78
5074,99
5075,27
5076,21
5077,21
5078,97
5079,75
5080,18
5081,52
5082,94
5083,61
5084,34
5085,88
5086,64
5087,16
5088,1
5089,80
5090,21
5091,81
5092,35
5093,69
5094,47
5095,77
5096,20
5097,91
5098,68
5099,64
5100,76
5101,5
5102,83
5103,43
5104,49
5105,4
5106,27
5107,32
5108,83
5109,42
5110,58
5111,44
5112,48
5113,15
5114,48
5115,17
5116,28
5117,84
5118,98
5119,15
5120,21
5121,81
5122,59
5123,14
5124,37
5125,75
5126,2
5127,10
5128,21
5129,58
5130,90
5131,43
5132,31
5133,49
5134,71
5135,28
5136,68
5137,80
5138,45
5139,20
5140,87
5141,78
5142,42
5143,74
5144,91
5145,47
5146,5
5147,86
5148,6
5149,13
5150,91
5151,61
5152,91
5153,71
5154,74
5155,82
5156,55
5157,30
5158,47
5159,34
5160,18
5161,54
5162,48
5163,13
5164,85
5165,3
5166,98
5167,21
5168,99
5169,27
5170,57
5171,8
5172,28
5173,30
5174,98
5175,48
5176,13
5177,36
5178,29
5179,86
5180,34
5181,53
5182,93
5183,98
5184,81
5185,42
5186,60
5187,69
5188,68
5189,89
5190,74
5191,24
5192,49
5193,12
5194,71
5195,64
5196,71
5197,9
5198,14
5199,88
5200,44
5201,81
5202,25
5203,11
5204,77
5205,17
5206,14
5207,74
5208,44
5209,18
5210,49
5211,83
5212,60
5213,30
5214,61
5215,94
5216,48
5217,75
5218,15
5219,51
5220,93
5221,93
5222,41
5223,52
5224,52
5225,12
5226,36
5227,87
5228,99
5229,86
5230,5
5231,42
5232,71
5233,64
5234,99
5235,49
5236,22
5237,47
5238,96
5239,5
5240,60
5241,71
5242,3
5243,74
5244,19
5245,56
5246,24
5247,30
5248,76
5249,15
5250,39
5251,16
5252,3
5253,43
5254,97
5255,95
5256,55
5257,2
5258,32
5259,38
5260,82
5261,3
5262,67
5263,47
5264,71
5265,47
5266,47
5267,60
5268,29
5269,86
5270,61
5271,36
5272,90
5273,45
5274,21
5275,30
5276,1
5277,43
5278,13
5279,88
5280,49
5281,33
5282,53
5283,73
5284,96
5285,78
5286,85
5287,89
5288,79
5289,93
5290,44
5291,97
5292,14
5293,38
5294,16
5295,75
5296,6
5297,92
5298,88
5299,64
5300,1
5301,49
5302,6
5303,96
5304,8
5305,67
5306,0
5307,74
5308,92
5309,57
5310,66
5311,48
5312,33
5313,60
5314,89
5315,16
5316,42
5317,58
5318,99
5319,22
5320,75
5321,37
5322,35
5323,68
5324,61
5325,27
5326,83
5327,89
5328,43
5329,88
5330,18
5331,46
5332,62
5333,94
5334,50
5335,95
5336,66
5337,8
5338,40
5339,44
5340,45
5341,26
5342,48
5343,87
5344,52
5345,98
5346,61
5347,64
5348,43
5349,25
5350,48
5351,45
5352,36
5353,29
5354,77
5355,76
5356,74
5357,61
5358,56
5359,20
5360,99
5361,36
5362,8
5363,97
5364,22
5365,61
5366,77
5367,85
5368,95
5369,41
5370,0
5371,80
5372,45
5373,33
5374,49
5375,51
5376,36
5377,98
5378,39
5379,76
5380,95
5381,31
5382,83
5383,4
5384,60
5385,3
5386,51
5387,94
5388,67
5389,6
5390,62
5391,98
5392,28
5393,26
5394,61
5395,29
5396,64
5397,95
5398,74
5399,42
5400,17
5401,78
5402,76
5403,86
5404,39
5405,78
5406,87
5407,50
5408,97
5409,32
5410,52
5411,28
5412,53
5413,28
5414,22
5415,20
5416,46
5417,17
5418,9
5419,88
5420,95
5421,1
5422,57
5423,12
5424,78
5425,97
5426,78
5427,7
5428,94
5429,85
5430,48
5431,16
5432,85
5433,93
5434,96
5435,70
5436,62
5437,58
5438,92
5439,60
5440,9
5441,44
5442,49
5443,71
5444,18
5445,89
5446,32
5447,67
5448,56
5449,42
5450,70
5451,74
5452,43
5453,43
5454,86
5455,19
5456,24
5457,84
5458,42
5459,60
5460,48
5461,19
5462,30
5463,16
5464,72
5465,81
5466,21
5467,78
5468,68
5469,13
5470,52
5471,74
5472,42
5473,20
5474,14
5475,11
5476,62
5477,76
5478,43
5479,10
5480,4
5481,78
5482,28
5483,44
5484,51
5485,82
5486,48
5487,79
5488,67
5489,65
5490,90
5491,18
5492,40
5493,88
5494,15
5495,89
5496,0
5497,80
5498,77
5499,27
5500,67
5501,57
5502,64
5503,29
5504,72
5505,39
5506,29
5507,79
5508,46
5509,40
5510,66
5511,32
5512,32
5513,66
5514,54
5515,14
5516,15
5517,84
5518,7
5519,15
5520,70
5521,45
5522,28
5523,27
5524,36
5525,31
5526,80
5527,16
5528,59
5529,6
5530,19
5531,87
5532,15
5533,81
5534,19
5535,98
5536,2
5537,68
5538,47
5539,18
5540,78
5541,66
5542,49
5543,65
5544,90
5545,35
5546,45
5547,76
5548,95
5549,5
5550,89
5551,69
5552,57
5553,71
5554,30
5555,28
5556,7
5557,47
5558,6
5559,7
5560,73
5561,60
5562,32
5563,59
5564,35
5565,94
5566,25
5567,23
5568,58
5569,65
5570,38
5571,85
5572,48
5573,82
5574,21
5575,55
5576,69
5577,39
5578,12
5579,74
5580,5
5581,17
5582,87
5583,78
5584,70
5585,73
5586,65
5587,5
5588,75
5589,18
5590,51
5591,32
5592,62
5593,41
5594,1
5595,78
5596,85
5597,80
5598,29
5599,61
5600,59
5601,26
5602,46
5603,20
5604,7
5605,10
5606,63
5607,53
5608,56
5609,37
5610,33
5611,76
5612,48
5613,63
5614,84
5615,31
5616,54
5617,28
5618,72
5619,34
5620,96
5621,63
5622,54
5623,35
5624,78
5625,10
5626,35
5627,34
5628,7
5629,59
5630,68
5631,59
5632,81
5633,39
5634,13
5635,81
5636,98
5637,81
5638,96
5639,18
5640,4
5641,23
5642,72
5643,94
5644,22
5645,47
5646,51
5647,5
5648,18
5649,86
5650,48
5651,96
5652,23
5653,35
5654,13
5655,98
5656,71
5657,60
5658,62
5659,39
5660,68
5661,52
5662,6
5663,80
5664,15
5665,77
5666,94
5667,73
5668,70
5669,59
5670,55
5671,76
5672,21
5673,95
5674,55
5675,0
5676,61
5677,24
5678,56
5679,0
5680,82
5681,55
5682,90
5683,20
5684,54
5685,11
5686,9
5687,46
5688,65
5689,78
5690,7
5691,48
5692,1
5693,59
5694,77
5695,49
5696,89
5697,36
5698,42
5699,20
5700,11
5701,67
5702,87
5703,71
5704,36
5705,95
5706,27
5707,36
5708,54
5709,56
5710,38
5711,6
5712,31
5713,92
5714,32
5715,58
5716,10
5717,64
5718,67
5719,3
5720,27
5721,49
5722,56
5723,33
5724,99
5725,92
5726,34
5727,53
5728,17
5729,72
5730,66
5731,0
5732,58
5733,4
5734,37
5735,67
5736,58
5737,66
5738,58
5739,51
5740,39
5741,9
5742,82
5743,68
5744,4
5745,51
5746,65
5747,43
5748,37
5749,17
5750,30
5751,72
5752,50
5753,1
5754,59
5755,73
5756,58
5757,90
5758,56
5759,44
5760,16
5761,32
5762,15
5763,90
5764,78
5765,56
5766,40
5767,63
5768,22
5769,5
5770,14
5771,72
5772,76
5773,73
5774,2
5775,45
5776,5
5777,39
5778,12
5779,43
5780,91
5781,97
5782,34
5783,50
5784,62
5785,33
5786,93
5787,66
5788,45
5789,62
5790,49
5791,30
5792,24
5793,95
5794,31
5795,55
5796,59
5797,46
5798,11
5799,20
5800,83
5801,74
5802,38
5803,30
5804,93
5805,93
5806,41
5807,0
5808,35
5809,54
5810,9
5811,16
5812,22
5813,13
5814,12
5815,23
5816,60
5817,81
5818,89
5819,42
5820,51
5821,36
5822,59
5823,82
5824,7
5825,94
5826,65
5827,56
5828,37
5829,63
5830,91
5831,31
5832,34
5833,43
5834,75
5835,24
5836,28
5837,56
5838,34
5839,41
5840,62
5841,7
5842,72
5843,80
5844,45
5845,22
5846,47
5847,32
5848,62
5849,28
5850,96
5851,27
5852,57
5853,13
5854,47
5855,8
5856,30
5857,17
5858,54
5859,18
5860,30
5861,57
5862,19
5863,57
5864,71
5865,16
5866,54
5867,7
5868,52
5869,45
5870,50
5871,81
5872,51
5873,74
5874,74
5875,71
5876,85
5877,8
5878,31
5879,28
5880,17
5881,62
5882,28
5883,93
5884,16
5885,0
5886,17
5887,26
5888,71
5889,29
5890,50
5891,99
5892,27
5893,58
5894,16
5895,8
5896,92
5897,46
5898,94
5899,41
5900,0
5901,19
5902,27
5903,32
5904,6
5905,42
5906,70
5907,73
5908,31
5909,73
5910,82
5911,97
5912,97
5913,0
5914,57
5915,19
5916,2
5917,53
5918,69
5919,47
5920,81
5921,5
5922,67
5923,43
5924,80
5925,59
5926,20
5927,23
5928,65
5929,79
5930,99
5931,62
5932,13
5933,21
5934,88
5935,1
5936,46
5937,81
5938,66
5939,69
5940,39
5941,60
5942,27
5943,6
5944,51
5945,29
5946,31
5947,75
5948,67
5949,78
5950,58
5951,23
5952,23
5953,68
5954,55
5955,26
5956,83
5957,86
5958,77
5959,22
5960,33
5961,67
5962,74
5963,97
5964,43
5965,60
5966,27
5967,62
5968,91
5969,81
5970,97
5971,35
5972,11
5973,99
5974,85
5975,70
5976,28
5977,33
5978,22
5979,43
5980,98
5981,25
5982,55
5983,84
5984,72
5985,81
5986,95
5987,28
5988,18
5989,12
5990,24
5991,61
5992,50
5993,9
5994,8
5995,20
5996,11
5997,49
5998,0
5999,21
6000,31
6001,18
6002,35
6003,23
6004,47
6005,52
6006,30
6007,88
6008,11
6009,12
6010,97
6011,17
6012,81
6013,76
6014,83
6015,39
6016,72
6017,30
6018,9
6019,55
6020,9
6021,46
6022,48
6023,98
6024,34
6025,9
6026,88
6027,21
6028,36
6029,30
6030,82
6031,40
6032,47
6033,10
6034,61
6035,92
6036,93
6037,15
6038,54
6039,42
6040,33
6041,98
6042,39
6043,70
6044,15
6045,36
6046,94
6047,70
6048,52
6049,70
6050,92
6051,9
6052,4
6053,39
6054,88
6055,42
6056,99
6057,16
6058,21
6059,28
6060,35
6061,45
6062,37
6063,89
6064,83
6065,57
6066,81
6067,34
6068,42
6069,10
6070,37
6071,40
6072,49
6073,29
6074,5
6075,58
6076,65
6077,75
6078,83
6079,10
6080,84
6081,12
6082,25
6083,17
6084,29
6085,80
6086,80
6087,29
6088,66
6089,9
6090,27
6091,38
6092,27
6093,28
6094,43
6095,53
6096,50
6097,69
6098,20
6099,0
6100,32
6101,90
6102,70
6103,51
6104,31
6105,88
6106,56
6107,23
6108,71
6109,77
6110,11
6111,4
6112,39
6113,66
6114,33
6115,63
6116,13
6117,39
6118,85
6119,31
6120,84
6121,18
6122,81
6123,18
6124,43
6125,96
6126,32
6127,6
6128,97
6129,99
6130,19
6131,39
6132,97
6133,6
6134,39
6135,51
6136,74
6137,52
6138,25
6139,10
6140,21
6141,20
6142,50
6143,36
6144,48
6145,39
6146,14
6147,74
6148,36
6149,12
6150,73
6151,31
6152,51
6153,79
6154,78
6155,6
6156,4
6157,97
6158,32
6159,25
6160,97
6161,94
6162,93
6163,34
6164,59
6165,22
6166,16
6167,70
6168,9
6169,25
6170,77
6171,50
6172,17
6173,28
6174,47
6175,34
6176,22
6177,50
6178,30
6179,49
6180,78
6181,68
6182,99
6183,59
6184,28
6185,72
6186,19
6187,23
6188,23
6189,79
6190,31
6191,87
6192,64
6193,5
6194,51
6195,51
6196,45
6197,57
6198,99
6199,53
6200,81
6201,4
6202,55
6203,75
6204,22
6205,30
6206,40
6207,33
6208,49
6209,97
6210,42
6211,39
6212,0
6213,5
6214,9
6215,51
6216,15
6217,9
6218,39
6219,70
6220,96
6221,44
6222,62
6223,32
6224,61
6225,35
6226,8
6227,2
6228,66
6229,66
6230,11
6231,73
6232,56
6233,20
6234,95
6235,68
6236,47
6237,94
6238,22
6239,9
6240,23
6241,11
6242,55
6243,27
6244,18
6245,20
6246,17
6247,35
6248,73
6249,47
6250,60
6251,28
6252,10
6253,0
6254,10
6255,31
6256,15
6257,29
6258,24
6259,49
6260,52
6261,60
6262,12
6263,57
6264,52
6265,87
6266,55
6267,22
6268,99
6269,22
6270,57
6271,56
6272,1
6273,99
6274,29
6275,60
6276,65
6277,7
6278,88
6279,48
6280,1
6281,16
6282,18
6283,71
6284,27
6285,55
6286,65
6287,73
6288,38
6289,5
6290,69
6291,46
6292,66
6293,42
6294,90
6295,52
6296,1
6297,39
6298,69
6299,86
6300,55
6301,2
6302,36
6303,19
6304,72
6305,30
6306,74
6307,29
6308,33
6309,6
6310,3
6311,72
6312,54
6313,82
6314,91
6315,71
6316,32
6317,98
6318,69
6319,56
6320,14
6321,50
6322,37
6323,40
6324,97
6325,72
6326,33
6327,83
6328,75
6329,83
6330,74
6331,66
6332,52
6333,52
6334,86
6335,66
6336,24
6337,69
6338,41
6339,13
6340,39
6341,25
6342,61
6343,48
6344,44
6345,60
6346,38
6347,18
6348,45
6349,30
6350,2
6351,54
6352,12
6353,21
6354,56
6355,72
6356,77
6357,98
6358,73
6359,52
6360,89
6361,24
6362,59
6363,75
6364,20
6365,18
6366,92
6367,96
6368,39
6369,63
6370,39
6371,78
6372,45
6373,67
6374,11
6375,79
6376,76
6377,27
6378,81
6379,89
6380,83
6381,60
6382,48
6383,58
6384,2
6385,30
6386,35
6387,21
6388,82
6389,55
6390,94
6391,65
6392,71
6393,75
6394,79
6395,42
6396,75
6397,77
6398,89
6399,36
6400,83
6401,43
6402,67
6403,81
6404,67
6405,52
6406,17
6407,76
6408,5
6409,88
6410,76
6411,13
6412,37
6413,94
6414,92
6415,0
6416,48
6417,31
6418,15
6419,39
6420,40
6421,60
6422,38
6423,94
6424,78
6425,68
6426,52
6427,38
6428,4
6429,54
6430,89
6431,40
6432,27
6433,97
6434,79
6435,95
6436,66
6437,44
6438,26
6439,64
6440,9
6441,66
6442,44
6443,59
6444,33
6445,79
6446,3
6447,43
6448,43
6449,48
6450,78
6451,25
6452,32
6453,18
6454,40
6455,44
6456,80
6457,16
6458,45
6459,45
6460,12
6461,99
6462,18
6463,54
6464,41
6465,46
6466,69
6467,33
6468,74
6469,34
6470,32
6471,30
6472,69
6473,97
6474,85
6475,15
6476,62
6477,5
6478,71
6479,52
6480,52
6481,88
6482,22
6483,43
6484,19
6485,72
6486,6
6487,56
6488,99
6489,93
6490,22
6491,20
6492,78
6493,57
6494,78
6495,29
6496,65
6497,91
6498,64
6499,36
6500,22
6501,49
6502,26
6503,84
6504,47
6505,14
6506,85
6507,9
6508,22
6509,29
6510,60
6511,32
6512,94
6513,63
6514,25
6515,7
6516,53
6517,12
6518,27
6519,57
6520,99
6521,88
6522,51
6523,33
6524,78
6525,24
6526,55
6527,33
6528,38
6529,81
6530,86
6531,87
6532,92
6533,36
6534,46
6535,18
6536,57
6537,27
6538,31
6539,4
6540,26
6541,7
6542,96
6543,39
6544,74
6545,88
6546,69
6547,48
6548,56
6549,18
6550,83
6551,62
6552,97
6553,8
6554,18
6555,97
6556,81
6557,68
6558,51
6559,10
6560,77
6561,97
6562,33
6563,60
6564,43
6565,32
6566,74
6567,31
6568,87
6569,49
6570,99
6571,24
6572,68
6573,46
6574,58
6575,51
6576,93
6577,36
6578,74
6579,78
6580,66
6581,19
6582,25
6583,35
6584,86
6585,35
6586,17
6587,70
6588,52
6589,95
6590,61
6591,5
6592,79
6593,71
6594,20
6595,59
6596,67
6597,28
6598,76
6599,31
6600,38
6601,6
6602,9
6603,4
6604,54
6605,38
6606,11
6607,52
6608,5
6609,4
6610,32
6611,35
6612,52
6613,73
6614,87
6615,62
6616,15
6617,11
6618,59
6619,20
6620,47
6621,60
6622,50
6623,65
6624,98
6625,77
6626,38
6627,24
6628,2
6629,17
6630,36
6631,80
6632,74
6633,41
6634,32
6635,23
6636,76
6637,27
6638,91
6639,21
6640,81
6641,53
6642,21
6643,96
6644,79
6645,55
6646,55
6647,82
6648,43
6649,74
6650,71
6651,35
6652,97
6653,58
6654,43
6655,20
6656,86
6657,22
6658,46
6659,18
6660,53
6661,60
6662,36
6663,83
6664,18
6665,32
6666,66
6667,99
6668,51
6669,35
6670,69
6671,28
6672,46
6673,22
6674,49
6675,21
6676,93
6677,1
6678,66
6679,43
6680,99
6681,37
6682,55
6683,92
6684,76
6685,47
6686,31
6687,82
6688,75
6689,61
6690,55
6691,90
6692,78
6693,34
6694,87
6695,99
6696,85
6697,70
6698,2
6699,14
6700,45
6701,32
6702,95
6703,90
6704,64
6705,38
6706,12
6707,91
6708,47
6709,35
6710,78
6711,79
6712,13
6713,8
6714,84
6715,74
6716,2
6717,71
6718,21
6719,28
6720,8
6721,15
6722,67
6723,75
6724,40
6725,17
6726,63
6727,95
6728,63
6729,51
6730,48
6731,65
6732,6
6733,17
6734,5
6735,34
6736,49
6737,14
6738,83
6739,23
6740,78
6741,47
6742,81
6743,41
6744,76
6745,78
6746,38
6747,99
6748,24
6749,76
6750,57
6751,74
6752,16
6753,44
6754,70
6755,92
6756,73
6757,4
6758,35
6759,40
6760,39
6761,35
6762,90
6763,74
6764,81
6765,74
6766,31
6767,42
6768,52
6769,59
6770,36
6771,66
6772,28
6773,52
6774,77
6775,98
6776,95
6777,39
6778,15
6779,77
6780,36
6781,23
6782,41
6783,94
6784,45
6785,17
6786,1
6787,62
6788,9
6789,34
6790,37
6791,81
6792,77
6793,69
6794,72
6795,22
6796,75
6797,24
6798,3
6799,48
6800,24
6801,78
6802,4
6803,57
6804,10
6805,2
6806,0
6807,89
6808,24
6809,94
6810,68
6811,66
6812,17
6813,5
6814,81
6815,77
6816,29
6817,77
6818,26
6819,35
6820,52
6821,70
6822,29
6823,94
6824,37
6825,83
6826,40
6827,0
6828,92
6829,96
6830,4
6831,78
6832,80
6833,54
6834,85
6835,47
6836,96
6837,8
6838,49
6839,62
6840,25
6841,45
6842,1
6843,56
6844,93
6845,82
6846,47
6847,70
6848,8
6849,19
6850,67
6851,77
6852,86
6853,15
6854,31
6855,32
6856,38
6857,57
6858,5
6859,10
6860,40
6861,37
6862,33
6863,94
6864,68
6865,8
6866,89
6867,69
6868,95
6869,43
6870,60
6871,11
6872,92
6873,12
6874,90
6875,2
6876,54
6877,45
6878,65
6879,4
6880,3
6881,68
6882,17
6883,98
6884,81
6885,37
6886,9
6887,99
6888,77
6889,84
6890,22
6891,28
6892,23
6893,63
6894,73
6895,72
6896,70
6897,45
6898,78
6899,9
6900,86
6901,91
6902,26
6903,85
6904,30
6905,12
6906,54
6907,81
6908,76
6909,26
6910,67
6911,51
6912,72
6913,15
6914,48
6915,81
6916,55
6917,38
6918,27
6919,97
6920,81
6921,20
6922,0
6923,80
6924,42
6925,77
6926,52
6927,54
6928,82
6929,12
6930,89
6931,53
6932,21
6933,18
6934,92
6935,36
6936,44
6937,35
6938,31
6939,62
6940,89
6941,65
6942,28
6943,20
6944,92
6945,96
6946,21
6947,41
6948,72
6949,18
6950,56
6951,88
6952,76
6953,71
6954,48
6955,12
6956,45
6957,60
6958,78
6959,84
6960,24
6961,37
6962,86
6963,76
6964,84
6965,51
6966,60
6967,97
6968,29
6969,65
6970,88
6971,7
6972,83
6973,59
6974,96
6975,53
6976,32
6977,7
6978,87
6979,33
6980,46
6981,39
6982,38
6983,47
6984,98
6985,55
6986,54
6987,13
6988,10
6989,75
6990,63
6991,80
6992,76
6993,92
6994,39
6995,61
6996,80
6997,66
6998,39
6999,29
7000,35
7001,91
7002,67
7003,7
7004,77
7005,47
7006,89
7007,83
7008,91
7009,67
7010,97
7011,75
7012,9
7013,25
7014,46
7015,59
7016,38
7017,82
7018,55
7019,6
7020,45
7021,36
7022,14
7023,14
7024,11
7025,70
7026,37
7027,5
7028,97
7029,95
7030,69
7031,59
7032,74
7033,86
7034,78
7035,44
7036,42
7037,4
7038,29
7039,49
7040,45
7041,53
7042,95
7043,85
7044,46
7045,81
7046,5
7047,44
7048,71
7049,14
7050,87
7051,37
7052,86
7053,55
7054,28
7055,93
7056,62
7057,50
7058,41
7059,46
7060,51
7061,46
7062,36
7063,20
7064,57
7065,1
7066,33
7067,99
7068,93
7069,59
7070,37
7071,95
7072,23
7073,42
7074,57
7075,50
7076,2
7077,9
7078,42
7079,21
7080,12
7081,95
7082,29
7083,81
7084,80
7085,32
7086,89
7087,92
7088,63
7089,84
7090,9
7091,6
7092,97
7093,9
7094,21
7095,7
7096,39
7097,1
7098,68
7099,83
7100,71
7101,6
7102,84
7103,23
7104,77
7105,40
7106,63
7107,17
7108,31
7109,48
7110,48
7111,2
7112,27
7113,66
7114,86
7115,77
7116,12
7117,14
7118,56
7119,58
7120,70
7121,85
7122,70
7123,94
7124,41
7125,97
7126,5
7127,80
7128,15
7129,62
7130,2
7131,58
7132,56
7133,89
7134,92
7135,55
7136,84
7137,87
7138,19
7139,62
7140,74
7141,55
7142,77
7143,45
7144,78
7145,68
7146,21
7147,31
7148,67
7149,85
7150,36
7151,95
7152,80
7153,96
7154,76
7155,11
7156,77
7157,19
7158,52
7159,28
7160,48
7161,93
7162,32
7163,35
7164,68
7165,69
7166,14
7167,69
7168,36
7169,72
7170,67
7171,94
7172,86
7173,72
7174,94
7175,90
7176,56
7177,55
7178,96
7179,89
7180,71
7181,51
7182,84
7183,44
7184,61
7185,65
7186,96
7187,62
7188,85
7189,50
7190,57
7191,23
7192,20
7193,38
7194,15
7195,6
7196,77
7197,62
7198,37
7199,62
7200,15
7201,47
7202,75
7203,62
7204,28
7205,27
7206,37
7207,58
7208,46
7209,48
7210,47
7211,79
7212,71
7213,7
7214,60
7215,60
7216,38
7217,49
7218,92
7219,0
7220,19
7221,98
7222,90
7223,5
7224,22
7225,93
7226,75
7227,41
7228,65
7229,51
7230,75
7231,46
7232,1
7233,7
7234,17
7235,65
7236,44
7237,45
7238,14
7239,90
7240,35
7241,30
7242,8
7243,21
7244,28
7245,18
7246,66
7247,32
7248,34
7249,48
7250,75
7251,29
7252,62
7253,76
7254,30
7255,27
7256,32
7257,37
7258,82
7259,9
7260,11
7261,54
7262,8
7263,43
7264,67
7265,99
7266,8
7267,9
7268,53
7269,1
7270,51
7271,26
7272,93
7273,51
7274,87
7275,35
7276,51
7277,24
7278,75
7279,97
7280,86
7281,8
7282,8
7283,42
7284,51
7285,9
7286,81
7287,18
7288,85
7289,48
7290,35
7291,20
7292,50
7293,31
7294,55
7295,26
7296,64
7297,34
7298,15
7299,55
7300,93
7301,74
7302,95
7303,87
7304,72
7305,35
7306,27
7307,36
7308,64
7309,73
7310,35
7311,71
7312,24
7313,70
7314,4
7315,26
7316,71
7317,34
7318,67
7319,84
7320,85
7321,74
7322,99
7323,92
7324,63
7325,21
7326,36
7327,36
7328,82
7329,95
7330,71
7331,61
7332,23
7333,29
7334,77
7335,40
7336,50
7337,25
7338,19
7339,93
7340,45
7341,40
7342,68
7343,40
7344,5
7345,10
7346,11
7347,41
7348,55
7349,47
7350,57
7351,32
7352,3
7353,88
7354,92
7355,84
7356,51
7357,19
7358,10
7359,1
7360,76
7361,54
7362,22
7363,68
7364,70
7365,0
7366,5
7367,42
7368,35
7369,61
7370,55
7371,67
7372,77
7373,34
7374,11
7375,43
7376,13
7377,29
7378,8
7379,15
7380,70
7381,29
7382,3
7383,40
7384,52
7385,8
7386,50
7387,26
7388,68
7389,41
7390,76
7391,85
7392,10
7393,59
7394,75
7395,80
7396,23
7397,17
7398,80
7399,72
7400,3
7401,53
7402,23
7403,78
7404,32
7405,99
7406,75
7407,42
7408,74
7409,62
7410,73
7411,43
7412,42
7413,79
7414,52
7415,9
7416,75
7417,42
7418,57
7419,56
7420,99
7421,57
7422,81
7423,9
7424,1
7425,43
7426,36
7427,42
7428,10
7429,68
7430,28
7431,40
7432,27
7433,99
7434,19
7435,62
7436,28
7437,94
7438,52
7439,86
7440,98
7441,13
7442,70
7443,84
7444,45
7445,55
7446,68
7447,66
7448,24
7449,63
7450,56
7451,60
7452,12
7453,57
7454,50
7455,32
7456,20
7457,62
7458,24
7459,16
7460,26
7461,17
7462,33
7463,45
7464,71
7465,22
7466,30
7467,78
7468,75
7469,94
7470,29
7471,8
7472,97
7473,73
7474,12
7475,34
7476,63
7477,85
7478,33
7479,23
7480,1
7481,32
7482,70
7483,51
7484,8
7485,63
7486,56
7487,11
7488,60
7489,48
7490,21
7491,21
7492,60
7493,56
7494,63
7495,43
7496,96
7497,79
7498,17
7499,20
7500,35
7501,79
7502,91
7503,43
7504,14
7505,92
7506,6
7507,48
7508,13
7509,85
7510,47
7511,4
7512,81
7513,63
7514,59
7515,61
7516,78
7517,24
7518,53
7519,17
7520,93
7521,43
7522,10
7523,54
7524,94
7525,79
7526,68
7527,31
7528,69
7529,64
7530,10
7531,41
7532,71
7533,11
7534,96
7535,20
7536,87
7537,90
7538,52
7539,26
7540,83
7541,72
7542,20
7543,20
7544,7
7545,83
7546,27
7547,45
7548,68
7549,93
7550,85
7551,81
7552,60
7553,45
7554,99
7555,1
7556,70
7557,51
7558,26
7559,58
7560,88
7561,97
7562,88
7563,19
7564,3
7565,23
7566,19
7567,86
7568,73
7569,48
7570,13
7571,16
7572,64
7573,75
7574,4
7575,3
7576,91
7577,49
7578,98
7579,32
7580,70
7581,87
7582,27
7583,96
7584,8
7585,45
7586,92
7587,31
7588,54
7589,61
7590,89
7591,92
7592,78
7593,83
7594,45
7595,85
7596,28
7597,37
7598,54
7599,30
7600,95
7601,7
7602,59
7603,24
7604,94
7605,7
7606,94
7607,94
7608,2
7609,34
7610,65
7611,52
7612,40
7613,74
7614,44
7615,97
7616,82
7617,65
7618,75
7619,11
7620,99
7621,34
7622,25
7623,85
7624,30
7625,74
7626,22
7627,95
7628,81
7629,62
7630,27
7631,52
7632,78
7633,18
7634,62
7635,65
7636,69
7637,84
7638,0
7639,43
7640,48
7641,67
7642,62
7643,7
7644,53
7645,18
7646,37
7647,19
7648,48
7649,68
7650,30
7651,3
7652,53
7653,70
7654,39
7655,0
7656,75
7657,51
7658,58
7659,32
7660,89
7661,90
7662,90
7663,61
7664,41
7665,66
7666,52
7667,66
7668,68
7669,80
7670,4
7671,46
7672,5
7673,38
7674,35
7675,50
7676,88
7677,14
7678,75
7679,53
7680,3
7681,25
7682,98
7683,82
7684,7
7685,81
7686,61
7687,7
7688,91
7689,62
7690,5
7691,37
7692,72
7693,41
7694,94
7695,33
7696,65
7697,42
7698,39
7699,23
7700,65
7701,31
7702,63
7703,71
7704,67
7705,83
7706,8
7707,11
7708,74
7709,49
7710,63
7711,72
7712,50
7713,15
7714,51
7715,72
7716,36
7717,3
7718,41
7719,93
7720,54
7721,81
7722,37
7723,75
7724,23
7725,71
7726,7
7727,83
7728,9
7729,2
7730,57
7731,83
7732,45
7733,61
7734,47
7735,44
7736,69
7737,10
7738,85
7739,39
7740,7
7741,25
7742,98
7743,93
7744,70
7745,70
7746,49
7747,70
7748,87
7749,90
7750,97
7751,67
7752,97
7753,36
7754,83
7755,82
7756,14
7757,21
7758,7
7759,26
7760,80
7761,2
7762,9
7763,1
7764,40
7765,36
7766,85
7767,91
7768,26
7769,67
7770,79
7771,83
7772,42
7773,10
7774,90
7775,50
7776,82
7777,24
7778,38
7779,16
7780,82
7781,39
7782,7
7783,3
7784,10
7785,51
7786,96
7787,44
7788,29
7789,55
7790,53
7791,30
7792,84
7793,44
7794,5
7795,10
7796,53
7797,50
7798,72
7799,31
7800,15
7801,44
7802,25
7803,66
7804,16
7805,29
7806,48
7807,73
7808,63
7809,66
7810,77
7811,3
7812,13
7813,18
7814,92
7815,96
7816,13
7817,30
7818,29
7819,91
7820,91
7821,61
7822,75
7823,13
7824,71
7825,70
7826,46
7827,52
7828,94
7829,89
7830,90
7831,56
7832,57
7833,43
7834,60
7835,10
7836,30
7837,59
7838,78
7839,74
7840,88
7841,80
7842,54
7843,99
7844,60
7845,76
7846,54
7847,18
7848,14
7849,26
7850,9
7851,81
7852,85
7853,32
7854,63
7855,43
7856,23
7857,87
7858,44
7859,26
7860,99
7861,92
7862,8
7863,90
7864,65
7865,80
7866,55
7867,17
7868,39
7869,53
7870,66
7871,48
7872,5
7873,34
7874,13
7875,3
7876,84
7877,56
7878,40
7879,91
7880,16
7881,27
7882,33
7883,16
7884,89
7885,5
7886,23
7887,83
7888,74
7889,85
7890,24
7891,43
7892,67
7893,76
7894,33
7895,54
7896,52
7897,11
7898,72
7899,40
7900,58
7901,84
7902,6
7903,91
7904,38
7905,46
7906,66
7907,18
7908,79
7909,0
7910,23
7911,14
7912,3
7913,86
7914,75
7915,45
7916,6
7917,22
7918,96
7919,76
7920,59
7921,17
7922,21
7923,22
7924,34
7925,26
7926,89
7927,7
7928,30
7929,11
7930,1
7931,23
7932,3
7933,22
7934,5
7935,80
7936,93
7937,27
7938,39
7939,39
7940,62
7941,53
7942,54
7943,63
7944,14
7945,84
7946,66
7947,8
7948,56
7949,8
7950,88
7951,62
7952,44
7953,30
7954,30
7955,2
7956,33
7957,39
7958,4
7959,10
7960,45
7961,83
7962,58
7963,73
7964,18
7965,84
7966,4
7967,5
7968,53
7969,18
7970,23
7971,29
7972,85
7973,34
7974,93
7975,16
7976,86
7977,44
7978,95
7979,45
7980,97
7981,0
7982,69
7983,72
7984,92
7985,86
7986,92
7987,29
7988,85
7989,82
7990,91
7991,82
7992,17
7993,74
7994,60
7995,12
7996,26
7997,54
7998,28
7999,58
8000,79
8001,1
8002,1
8003,73
8004,10
8005,3
8006,33
8007,23
8008,91
8009,32
8010,1
8011,1
8012,35
8013,1
8014,19
8015,88
8016,11
8017,29
8018,56
8019,0
8020,54
8021,61
8022,20
8023,89
8024,17
8025,53
8026,89
8027,18
8028,81
8029,6
8030,96
8031,41
8032,44
8033,26
8034,25
8035,60
8036,22
8037,3
8038,55
8039,47
8040,24
8041,90
8042,78
8043,17
8044,7
8045,0
8046,87
8047,26
8048,95
8049,14
8050,56
8051,74
8052,12
8053,54
8054,78
8055,79
8056,8
8057,43
8058,39
8059,51
8060,40
8061,53
8062,98
8063,4
8064,31
8065,8
8066,57
8067,33
8068,18
8069,35
8070,36
8071,94
8072,94
8073,65
8074,22
8075,16
8076,63
8077,57
8078,2
8079,55
8080,42
8081,80
8082,58
8083,26
8084,36
8085,13
8086,91
8087,84
8088,9
8089,5
8090,86
8091,75
8092,85
8093,70
8094,59
8095,43
8096,2
8097,59
8098,79
8099,70
8100,34
8101,97
8102,99
8103,49
8104,44
8105,55
8106,70
8107,64
8108,38
8109,34
8110,61
8111,69
8112,37
8113,27
8114,24
8115,42
8116,78
8117,75
8118,96
8119,98
8120,1
8121,84
8122,10
8123,86
8124,4
8125,91
8126,13
8127,90
8128,68
8129,60
8130,35
8131,0
8132,3
8133,14
8134,32
8135,92
8136,14
8137,49
8138,98
8139,28
8140,3
8141,89
8142,7
8143,15
8144,66
8145,35
8146,97
8147,12
8148,41
8149,31
8150,94
8151,93
8152,84
8153,26
8154,33
8155,42
8156,50
8157,57
8158,54
8159,2
8160,67
8161,44
8162,66
8163,60
8164,26
8165,58
8166,82
8167,84
8168,83
8169,89
8170,28
8171,4
8172,95
8173,76
8174,60
8175,76
8176,91
8177,93
8178,2
8179,55
8180,62
8181,43
8182,91
8183,48
8184,63
8185,34
8186,33
8187,88
8188,53
8189,14
8190,28
8191,8
8192,26
8193,44
8194,47
8195,61
8196,60
8197,73
8198,61
8199,35
8200,63
8201,43
8202,49
8203,92
8204,92
8205,6
8206,55
8207,25
8208,18
8209,20
8210,55
8211,57
8212,85
8213,63
8214,33
8215,23
8216,34
8217,95
8218,81
8219,58
8220,73
8221,60
8222,21
8223,6
8224,15
8225,46
8226,28
8227,79
8228,90
8229,75
8230,91
8231,15
8232,89
8233,39
8234,99
8235,33
8236,94
8237,45
8238,91
8239,36
8240,77
8241,3
8242,75
8243,92
8244,94
8245,61
8246,85
8247,38
8248,12
8249,1
8250,0
8251,30
8252,84
8253,35
8254,29
8255,7
8256,18
8257,48
8258,89
8259,91
8260,57
8261,6
8262,62
8263,31
8264,40
8265,95
8266,30
8267,61
8268,86
8269,47
8270,47
8271,98
8272,20
8273,14
8274,28
8275,27
8276,11
8277,81
8278,22
8279,73
8280,79
8281,5
8282,42
8283,71
8284,81
8285,88
8286,84
8287,69
8288,30
8289,6
8290,68
8291,70
8292,12
8293,74
8294,7
8295,80
8296,23
8297,60
8298,84
8299,14
8300,48
8301,18
8302,0
8303,70
8304,38
8305,77
8306,24
8307,69
8308,22
8309,9
8310,42
8311,41
8312,11
8313,27
8314,0
8315,70
8316,85
8317,9
8318,34
8319,79
8320,77
8321,75
8322,74
8323,80
8324,42
8325,77
8326,8
8327,0
8328,36
8329,89
8330,43
8331,46
8332,69
8333,56
8334,42
8335,10
8336,71
8337,98
8338,72
8339,40
8340,86
8341,0
8342,21
8343,98
8344,1
8345,3
8346,47
8347,43
8348,83
8349,11
8350,68
8351,18
8352,1
8353,25
8354,96
8355,98
8356,96
8357,90
8358,35
8359,28
8360,37
8361,61
8362,46
8363,77
8364,55
8365,92
8366,97
8367,93
8368,28
8369,39
8370,18
8371,41
8372,44
8373,49
8374,1
8375,11
8376,19
8377,91
8378,82
8379,4
8380,60
8381,72
8382,56
8383,25
8384,32
8385,38
8386,11
8387,99
8388,73
8389,98
8390,8
8391,58
8392,93
8393,2
8394,45
8395,24
8396,35
8397,43
8398,47
8399,6
8400,55
8401,33
8402,8
8403,74
8404,26
8405,34
8406,39
8407,97
8408,52
8409,75
8410,33
8411,87
8412,60
8413,98
8414,16
8415,33
8416,76
8417,41
8418,97
8419,8
8420,75
8421,17
8422,27
8423,93
8424,18
8425,80
8426,41
8427,60
8428,67
8429,3
8430,21
8431,77
8432,90
8433,54
8434,87
8435,86
8436,37
8437,47
8438,65
8439,2
8440,73
8441,55
8442,58
8443,62
8444,26
8445,80
8446,28
8447,15
8448,1
8449,59
8450,69
8451,45
8452,92
8453,39
8454,42
8455,41
8456,49
8457,48
8458,51
8459,71
8460,48
8461,69
8462,9
8463,78
8464,84
8465,11
8466,71
8467,66
8468,66
8469,88
8470,82
8471,1
8472,39
8473,88
8474,93
8475,82
8476,7
8477,76
8478,56
8479,29
8480,70
8481,18
8482,68
8483,52
8484,76
8485,45
8486,16
8487,62
8488,85
8489,71
8490,99
8491,88
8492,40
8493,68
8494,36
8495,60
8496,17
8497,44
8498,25
8499,46
8500,75
8501,61
8502,62
8503,58
8504,42
8505,51
8506,75
8507,73
8508,70
8509,37
8510,28
8511,90
8512,95
8513,88
8514,68
8515,38
8516,91
8517,79
8518,9
8519,58
8520,61
8521,39
8522,56
8523,17
8524,96
8525,77
8526,63
8527,22
8528,75
8529,4
8530,16
8531,94
8532,72
8533,76
8534,60
8535,97
8536,1
8537,0
8538,75
8539,31
8540,72
8541,60
8542,75
8543,47
8544,6
8545,43
8546,14
8547,5
8548,18
8549,51
8550,1
8551,42
8552,53
8553,66
8554,25
8555,52
8556,32
8557,47
8558,28
8559,24
8560,86
8561,54
8562,6
8563,88
8564,61
8565,87
8566,54
8567,24
8568,40
8569,85
8570,17
8571,90
8572,22
8573,86
8574,77
8575,79
8576,94
8577,45
8578,0
8579,39
8580,89
8581,82
8582,41
8583,87
8584,91
8585,73
8586,55
8587,62
8588,55
8589,2
8590,61
8591,11
8592,28
8593,38
8594,74
8595,70
8596,13
8597,7
8598,15
8599,18
8600,76
8601,98
8602,84
8603,79
8604,15
8605,47
8606,47
8607,93
8608,91
8609,13
8610,26
8611,70
8612,95
8613,60
8614,70
8615,2
8616,82
8617,33
8618,34
8619,6
8620,65
8621,62
8622,51
8623,31
8624,36
8625,42
8626,47
8627,48
8628,79
8629,38
8630,29
8631,57
8632,66
8633,68
8634,64
8635,64
8636,16
8637,61
8638,16
8639,39
8640,18
8641,29
8642,50
8643,53
8644,9
8645,77
8646,80
8647,50
8648,15
8649,1
8650,93
8651,55
8652,1
8653,84
8654,69
8655,81
8656,10
8657,33
8658,74
8659,68
8660,30
8661,8
8662,21
8663,81
8664,45
8665,18
8666,44
8667,91
8668,28
8669,74
8670,5
8671,53
8672,34
8673,27
8674,32
8675,18
8676,44
8677,93
8678,37
8679,45
8680,46
8681,31
8682,69
8683,47
8684,57
8685,95
8686,85
8687,80
8688,1
8689,82
8690,14
8691,66
8692,77
8693,58
8694,31
8695,42
8696,23
8697,90
8698,6
8699,83
8700,31
8701,51
8702,80
8703,23
8704,64
8705,61
8706,87
8707,51
8708,99
8709,28
8710,15
8711,63
8712,18
8713,97
8714,78
8715,34
8716,27
8717,13
8718,74
8719,17
8720,28
8721,29
8722,10
8723,40
8724,83
8725,83
8726,53
8727,73
8728,7
8729,96
8730,82
8731,34
8732,15
8733,68
8734,68
8735,34
8736,82
8737,75
8738,37
8739,8
8740,94
8741,16
8742,24
8743,21
8744,90
8745,96
8746,53
8747,23
8748,63
8749,5
8750,27
8751,32
8752,96
8753,20
8754,29
8755,43
8756,69
8757,94
8758,26
8759,36
8760,23
8761,91
8762,57
8763,48
8764,23
8765,53
8766,5
8767,0
8768,59
8769,57
8770,49
8771,73
8772,78
8773,12
8774,74
8775,61
8776,21
8777,95
8778,88
8779,10
8780,85
8781,24
8782,1
8783,77
8784,73
8785,82
8786,5
8787,64
8788,51
8789,59
8790,79
8791,62
8792,46
8793,10
8794,59
8795,87
8796,68
8797,88
8798,76
8799,45
8800,36
8801,6
8802,1
8803,35
8804,84
8805,18
8806,86
8807,49
8808,26
8809,3
8810,60
8811,73
8812,9
8813,75
8814,5
8815,27
8816,80
8817,32
8818,65
8819,18
8820,42
8821,34
8822,40
8823,96
8824,55
8825,14
8826,85
8827,30
8828,92
8829,51
8830,79
8831,29
8832,99
8833,86
8834,15
8835,29
8836,63
8837,66
8838,62
8839,80
8840,24
8841,53
8842,43
8843,78
8844,31
8845,99
8846,95
8847,93
8848,50
8849,71
8850,29
8851,86
8852,64
8853,4
8854,2
8855,62
8856,55
8857,17
8858,39
8859,97
8860,32
8861,57
8862,99
8863,2
8864,6
8865,40
8866,82
8867,82
8868,94
8869,95
8870,37
8871,96
8872,77
8873,49
8874,67
8875,31
8876,60
8877,26
8878,63
8879,63
8880,62
8881,82
8882,36
8883,12
8884,31
8885,47
8886,75
8887,63
8888,29
8889,94
8890,27
8891,70
8892,95
8893,32
8894,38
8895,32
8896,37
8897,25
8898,65
8899,33
8900,53
8901,87
8902,95
8903,53
8904,80
8905,43
8906,89
8907,69
8908,93
8909,81
8910,84
8911,71
8912,74
8913,33
8914,91
8915,75
8916,85
8917,47
8918,97
8919,70
8920,13
8921,33
8922,46
8923,90
8924,92
8925,53
8926,98
8927,72
8928,41
8929,48
8930,94
8931,61
8932,40
8933,60
8934,37
8935,35
8936,59
8937,47
8938,44
8939,57
8940,4
8941,83
8942,89
8943,71
8944,68
8945,52
8946,46
8947,12
8948,98
8949,11
8950,92
8951,52
8952,2
8953,58
8954,77
8955,96
8956,86
8957,47
8958,13
8959,71
8960,97
8961,14
8962,51
8963,14
8964,4
8965,42
8966,58
8967,77
8968,6
8969,66
8970,81
8971,99
8972,28
8973,50
8974,57
8975,88
8976,25
8977,38
8978,73
8979,47
8980,53
8981,48
8982,79
8983,59
8984,51
8985,82
8986,81
8987,93
8988,81
8989,17
8990,14
8991,69
8992,25
8993,32
8994,39
8995,45
8996,89
8997,21
8998,67
8999,99
9000,28
9001,98
9002,88
9003,20
9004,4
9005,18
9006,71
9007,48
9008,69
9009,93
9010,21
9011,6
9012,39
9013,11
9014,43
9015,37
9016,10
9017,48
9018,35
9019,89
9020,73
9021,2
9022,38
9023,72
9024,21
9025,96
9026,11
9027,16
9028,84
9029,30
9030,58
9031,30
9032,98
9033,55
9034,83
9035,59
9036,77
9037,50
9038,41
9039,8
9040,19
9041,54
9042,74
9043,68
9044,57
9045,91
9046,67
9047,19
9048,46
9049,71
9050,77
9051,74
9052,9
9053,82
9054,3
9055,76
9056,20
9057,60
9058,42
9059,94
9060,80
9061,95
9062,18
9063,25
9064,61
9065,36
9066,45
9067,93
9068,10
9069,60
9070,77
9071,62
9072,27
9073,33
9074,10
9075,27
9076,93
9077,23
9078,33
9079,88
9080,18
9081,58
9082,0
9083,83
9084,23
9085,19
9086,56
9087,20
9088,79
9089,20
9090,73
9091,96
9092,19
9093,55
9094,35
9095,18
9096,26
9097,83
9098,56
9099,47
9100,57
9101,52
9102,10
9103,15
9104,21
9105,3
9106,23
9107,9
9108,77
9109,43
9110,15
9111,61
9112,77
9113,19
9114,73
9115,77
9116,45
9117,59
9118,4
9119,61
9120,64
9121,30
9122,39
9123,33
9124,99
9125,51
9126,76
9127,17
9128,28
9129,45
9130,2
9131,49
9132,41
9133,49
9134,63
9135,71
9136,37
9137,11
9138,77
9139,98
9140,33
9141,40
9142,15
9143,84
9144,19
9145,50
9146,70
9147,62
9148,34
9149,94
9150,30
9151,11
9152,5
9153,99
9154,33
9155,90
9156,16
9157,96
9158,77
9159,24
9160,71
9161,3
9162,15
9163,18
9164,23
9165,68
9166,1
9167,81
9168,61
9169,90
9170,21
9171,57
9172,22
9173,87
9174,82
9175,12
9176,38
9177,10
9178,93
9179,7
9180,84
9181,41
9182,64
9183,76
9184,25
9185,91
9186,94
9187,42
9188,79
9189,19
9190,76
9191,87
9192,18
9193,51
9194,1
9195,50
9196,37
9197,6
9198,45
9199,23
9200,0
9201,55
9202,91
9203,89
9204,95
9205,48
9206,16
9207,54
9208,69
9209,92
9210,68
9211,56
9212,65
9213,50
9214,37
9215,30
9216,71
9217,25
9218,50
9219,60
9220,79
9221,0
9222,73
9223,75
9224,98
9225,80
9226,2
9227,32
9228,83
9229,61
9230,76
9231,97
9232,13
9233,30
9234,27
9235,74
9236,8
9237,17
9238,42
9239,91
9240,11
9241,39
9242,69
9243,64
9244,57
9245,84
9246,49
9247,85
9248,75
9249,91
9250,79
9251,76
9252,13
9253,8
9254,92
9255,12
9256,82
9257,7
9258,73
9259,89
9260,51
9261,42
9262,39
9263,78
9264,34
9265,32
9266,66
9267,74
9268,16
9269,62
9270,94
9271,60
9272,75
9273,83
9274,62
9275,85
9276,48
9277,33
9278,11
9279,25
9280,35
9281,27
9282,75
9283,75
9284,63
9285,74
9286,72
9287,17
9288,89
9289,92
9290,19
9291,36
9292,22
9293,67
9294,83
9295,66
9296,2
9297,62
9298,37
9299,98
9300,99
9301,77
9302,56
9303,22
9304,84
9305,14
9306,71
9307,94
9308,44
9309,59
9310,41
9311,52
9312,91
9313,85
9314,43
9315,82
9316,76
9317,97
9318,42
9319,96
9320,47
9321,46
9322,1
9323,44
9324,78
9325,31
9326,93
9327,85
9328,18
9329,63
9330,65
9331,25
9332,44
9333,2
9334,94
9335,18
9336,59
9337,35
9338,54
9339,2
9340,56
9341,75
9342,47
9343,76
9344,20
9345,48
9346,97
9347,9
9348,23
9349,38
9350,84
9351,3
9352,36
9353,43
9354,84
9355,18
9356,6
9357,9
9358,72
9359,65
9360,82
9361,75
9362,15
9363,29
9364,35
9365,20
9366,95
9367,3
9368,89
9369,50
9370,78
9371,83
9372,39
9373,74
9374,86
9375,95
9376,74
9377,58
9378,36
9379,90
9380,8
9381,29
9382,80
9383,95
9384,13
9385,14
9386,81
9387,0
9388,58
9389,96
9390,1
9391,61
9392,59
9393,21
9394,60
9395,89
9396,82
9397,99
9398,80
9399,52
9400,65
9401,72
9402,32
9403,77
9404,69
9405,28
9406,42
9407,79
9408,11
9409,20
9410,38
9411,52
9412,15
9413,79
9414,65
9415,63
9416,96
9417,26
9418,29
9419,78
9420,32
9421,39
9422,30
9423,99
9424,5
9425,8
9426,43
9427,52
9428,40
9429,58
9430,54
9431,82
9432,31
9433,43
9434,93
9435,70
9436,99
9437,21
9438,17
9439,56
9440,64
9441,74
9442,51
9443,92
9444,10
9445,85
9446,78
9447,13
9448,10
9449,53
9450,42
9451,47
9452,5
9453,34
9454,81
9455,14
9456,77
9457,67
9458,66
9459,63
9460,45
9461,95
9462,46
9463,75
9464,45
9465,87
9466,72
9467,87
9468,26
9469,41
9470,70
9471,34
9472,21
9473,32
9474,90
9475,36
9476,85
9477,72
9478,77
9479,21
9480,87
9481,71
9482,53
9483,27
9484,4
9485,1
9486,8
9487,93
9488,11
9489,61
9490,88
9491,90
9492,10
9493,83
9494,93
9495,85
9496,34
9497,24
9498,72
9499,49
9500,12
9501,28
9502,74
9503,29
9504,81
9505,45
9506,87
9507,79
9508,63
9509,44
9510,47
9511,31
9512,51
9513,59
9514,49
9515,71
9516,32
9517,67
9518,81
9519,46
9520,54
9521,67
9522,17
9523,21
9524,1
9525,88
9526,21
9527,77
9528,95
9529,91
9530,12
9531,15
9532,82
9533,22
9534,16
9535,66
9536,25
9537,1
9538,34
9539,9
9540,73
9541,32
9542,81
9543,63
9544,53
9545,23
9546,81
9547,86
9548,99
9549,71
9550,28
9551,75
9552,35
9553,26
9554,79
9555,16
9556,8
9557,7
9558,22
9559,13
9560,5
9561,10
9562,65
9563,62
9564,49
9565,70
9566,57
9567,7
9568,66
9569,40
9570,91
9571,23
9572,13
9573,80
9574,6
9575,42
9576,98
9577,95
9578,3
9579,35
9580,94
9581,38
9582,36
9583,52
9584,17
9585,43
9586,86
9587,97
9588,53
9589,27
9590,34
9591,3
9592,61
9593,20
9594,22
9595,57
9596,25
9597,55
9598,9
9599,68
9600,20
9601,49
9602,67
9603,87
9604,16
9605,41
9606,66
9607,19
9608,25
9609,63
9610,57
9611,15
9612,43
9613,43
9614,85
9615,8
9616,2
9617,5
9618,45
9619,93
9620,71
9621,56
9622,99
9623,30
9624,32
9625,2
9626,76
9627,50
9628,30
9629,53
9630,91
9631,68
9632,65
9633,92
9634,23
9635,98
9636,72
9637,40
9638,71
9639,62
9640,11
9641,23
9642,78
9643,96
9644,67
9645,36
9646,8
9647,15
9648,4
9649,80
9650,27
9651,60
9652,6
9653,54
9654,48
9655,16
9656,57
9657,94
9658,30
9659,70
9660,43
9661,62
9662,58
9663,19
9664,23
9665,38
9666,40
9667,59
9668,95
9669,61
9670,99
9671,86
9672,53
9673,89
9674,11
9675,52
9676,58
9677,56
9678,85
9679,74
9680,78
9681,82
9682,72
9683,76
9684,43
9685,37
9686,96
9687,47
9688,52
9689,40
9690,53
9691,45
9692,8
9693,83
9694,3
9695,81
9696,94
9697,28
9698,53
9699,80
9700,59
9701,4
9702,33
9703,62
9704,89
9705,44
9706,12
9707,55
9708,89
9709,35
9710,78
9711,82
9712,91
9713,31
9714,91
9715,47
9716,9
9717,73
9718,69
9719,36
9720,77
9721,49
9722,95
9723,37
9724,61
9725,83
9726,69
9727,35
9728,33
9729,76
9730,50
9731,82
9732,81
9733,98
9734,94
9735,24
9736,39
9737,1
9738,33
9739,33
9740,48
9741,79
9742,54
9743,15
9744,99
9745,3
9746,41
9747,66
9748,80
9749,27
9750,45
9751,55
9752,32
9753,20
9754,45
9755,9
9756,44
9757,33
9758,55
9759,30
9760,24
9761,59
9762,65
9763,11
9764,38
9765,23
9766,39
9767,25
9768,97
9769,71
9770,16
9771,52
9772,44
9773,56
9774,98
9775,82
9776,41
9777,66
9778,51
9779,79
9780,3
9781,18
9782,95
9783,64
9784,16
9785,96
9786,49
9787,64
9788,11
9789,36
9790,97
9791,40
9792,90
9793,49
9794,62
9795,10
9796,56
9797,4
9798,44
9799,81
9800,91
9801,5
9802,87
9803,3
9804,93
9805,72
9806,86
9807,89
9808,17
9809,12
9810,80
9811,4
9812,79
9813,32
9814,40
9815,13
9816,98
9817,59
9818,21
9819,76
9820,45
9821,59
9822,49
9823,30
9824,33
9825,80
9826,51
9827,72
9828,87
9829,38
9830,63
9831,53
9832,31
9833,48
9834,24
9835,13
9836,31
9837,91
9838,84
9839,46
9840,61
9841,24
9842,6
9843,98
9844,45
9845,99
9846,27
9847,51
9848,91
9849,83
9850,43
9851,50
9852,57
9853,4
9854,60
9855,90
9856,86
9857,9
9858,11
9859,1
9860,99
9861,77
9862,57
9863,62
9864,2
9865,92
9866,69
9867,69
9868,91
9869,79
9870,32
9871,58
9872,0
9873,20
9874,6
9875,44
9876,82
9877,79
9878,58
9879,73
9880,87
9881,75
9882,85
9883,55
9884,70
9885,44
9886,97
9887,46
9888,53
9889,37
9890,30
9891,28
9892,43
9893,50
9894,24
9895,31
9896,95
9897,1
9898,2
9899,36
9900,59
9901,99
9902,55
9903,85
9904,0
9905,23
9906,64
9907,82
9908,62
9909,31
9910,86
9911,51
9912,72
9913,73
9914,33
9915,93
9916,84
9917,41
9918,90
9919,69
9920,82
9921,21
9922,89
9923,68
9924,68
9925,76
9926,31
9927,58
9928,8
9929,37
9930,13
9931,30
9932,78
9933,45
9934,33
9935,99
9936,27
9937,12
9938,92
9939,8
9940,82
9941,78
9942,97
9943,70
9944,50
9945,4
9946,12
9947,29
9948,42
9949,7
9950,56
9951,91
9952,6
9953,72
9954,95
9955,54
9956,57
9957,45
9958,16
9959,73
9960,29
9961,33
9962,7
9963,86
9964,19
9965,97
9966,4
9967,16
9968,53
9969,89
9970,18
9971,25
9972,26
9973,49
9974,11
9975,14
9976,65
9977,70
9978,21
9979,27
9980,30
9981,52
9982,74
9983,96
9984,59
9985,90
9986,14
9987,77
9988,72
9989,7
9990,75
9991,27
9992,16
9993,30
9994,35
9995,83
9996,63
9997,51
9998,42
9999,70
